-6.720000000000000000e+02
-5.340000000000000000e+02
-6.210000000000000000e+02
-7.440000000000000000e+02
-5.940000000000000000e+02
-7.320000000000000000e+02
-7.210000000000000000e+02
-2.288000000000000000e+03
-4.770000000000000000e+02
-3.350000000000000000e+02
-8.070000000000000000e+02
-4.350000000000000000e+02
-3.700000000000000000e+01
-6.290000000000000000e+02
-2.219000000000000000e+03
-6.810000000000000000e+02
-2.700000000000000000e+02
-7.650000000000000000e+02
-1.300000000000000000e+02
-9.410000000000000000e+02
-1.572000000000000000e+03
-2.225000000000000000e+03
-2.324000000000000000e+03
-2.318000000000000000e+03
-3.150000000000000000e+02
-6.860000000000000000e+02
-2.960000000000000000e+02
-1.680000000000000000e+02
-1.300000000000000000e+02
-8.690000000000000000e+02
-2.590000000000000000e+02
-3.200000000000000000e+01
-6.300000000000000000e+01
-2.810000000000000000e+02
-3.000000000000000000e+01
-7.700000000000000000e+01
-2.090000000000000000e+02
-1.677000000000000000e+03
-2.029000000000000000e+03
-1.423000000000000000e+03
-7.190000000000000000e+02
-2.089000000000000000e+03
-2.810000000000000000e+02
-1.990000000000000000e+02
-9.630000000000000000e+02
-7.800000000000000000e+01
-2.171000000000000000e+03
-2.094000000000000000e+03
-1.919000000000000000e+03
-1.254000000000000000e+03
-2.341000000000000000e+03
-2.027000000000000000e+03
-2.319000000000000000e+03
-1.574000000000000000e+03
-3.430000000000000000e+02
-6.780000000000000000e+02
-2.140000000000000000e+02
-8.830000000000000000e+02
-6.400000000000000000e+01
-7.970000000000000000e+02
-3.000000000000000000e+01
-1.690000000000000000e+02
-3.140000000000000000e+02
-1.840000000000000000e+02
-2.690000000000000000e+02
-2.190000000000000000e+02
-3.010000000000000000e+02
-2.030000000000000000e+02
-2.820000000000000000e+02
-2.250000000000000000e+02
-3.050000000000000000e+02
-1.650000000000000000e+02
-2.940000000000000000e+02
-2.740000000000000000e+02
-5.200000000000000000e+01
-1.043000000000000000e+03
-9.200000000000000000e+02
-8.760000000000000000e+02
-9.790000000000000000e+02
-1.489000000000000000e+03
-3.600000000000000000e+02
-7.220000000000000000e+02
-2.130000000000000000e+02
-2.570000000000000000e+02
-2.370000000000000000e+02
-2.278000000000000000e+03
-2.202000000000000000e+03
-2.319000000000000000e+03
-1.390000000000000000e+03
-1.993000000000000000e+03
-1.450000000000000000e+02
-2.291000000000000000e+03
-1.871000000000000000e+03
-6.270000000000000000e+02
-4.220000000000000000e+02
-3.230000000000000000e+02
-1.840000000000000000e+02
-2.370000000000000000e+02
-5.200000000000000000e+01
-3.580000000000000000e+02
-1.240000000000000000e+02
-2.000000000000000000e+02
-3.110000000000000000e+02
-1.730000000000000000e+02
-2.640000000000000000e+02
-2.850000000000000000e+02
-2.330000000000000000e+02
-2.320000000000000000e+02
-3.130000000000000000e+02
-2.610000000000000000e+02
-2.680000000000000000e+02
-2.480000000000000000e+02
-2.190000000000000000e+02
-2.130000000000000000e+02
-7.970000000000000000e+02
-2.010000000000000000e+02
-1.590000000000000000e+02
-2.170000000000000000e+02
-1.020000000000000000e+02
-7.990000000000000000e+02
-8.640000000000000000e+02
-8.160000000000000000e+02
-5.880000000000000000e+02
-4.000000000000000000e+02
-1.490000000000000000e+02
-3.320000000000000000e+02
-6.620000000000000000e+02
-6.150000000000000000e+02
-4.070000000000000000e+02
-2.040000000000000000e+02
-2.212000000000000000e+03
-2.059000000000000000e+03
-2.144000000000000000e+03
-1.986000000000000000e+03
-1.920000000000000000e+02
-2.005000000000000000e+03
-9.210000000000000000e+02
-4.820000000000000000e+02
-4.960000000000000000e+02
-3.110000000000000000e+02
-2.130000000000000000e+02
-3.560000000000000000e+02
-2.420000000000000000e+02
-2.820000000000000000e+02
-3.000000000000000000e+01
-3.659000000000000000e+03
-1.202000000000000000e+03
-3.436000000000000000e+03
-3.069000000000000000e+03
-2.399000000000000000e+03
-1.105000000000000000e+03
-1.892000000000000000e+03
-4.390000000000000000e+02
-6.980000000000000000e+02
-3.170000000000000000e+02
-1.286000000000000000e+03
-5.120000000000000000e+02
-2.740000000000000000e+02
-3.230000000000000000e+02
-1.660000000000000000e+03
-3.573000000000000000e+03
-2.819000000000000000e+03
-2.771000000000000000e+03
-2.740000000000000000e+02
-3.220000000000000000e+02
-3.040000000000000000e+02
-1.660000000000000000e+02
-7.500000000000000000e+01
-4.460000000000000000e+02
-7.210000000000000000e+02
-5.900000000000000000e+02
-3.820000000000000000e+02
-6.300000000000000000e+02
-9.600000000000000000e+01
-3.000000000000000000e+01
-4.740000000000000000e+02
-1.890000000000000000e+02
-1.795000000000000000e+03
-2.048000000000000000e+03
-1.642000000000000000e+03
-1.750000000000000000e+03
-1.090000000000000000e+02
-1.070000000000000000e+03
-3.160000000000000000e+02
-4.090000000000000000e+02
-4.420000000000000000e+02
-2.770000000000000000e+02
-8.400000000000000000e+01
-2.180000000000000000e+02
-2.840000000000000000e+02
-3.000000000000000000e+01
-3.518000000000000000e+03
-3.468000000000000000e+03
-3.020000000000000000e+03
-3.330000000000000000e+03
-2.716000000000000000e+03
-2.449000000000000000e+03
-1.767000000000000000e+03
-1.342000000000000000e+03
-1.664000000000000000e+03
-1.634000000000000000e+03
-3.309000000000000000e+03
-3.040000000000000000e+02
-2.150000000000000000e+02
-2.631000000000000000e+03
-2.522000000000000000e+03
-3.156000000000000000e+03
-3.104000000000000000e+03
-1.770000000000000000e+02
-1.770000000000000000e+02
-4.450000000000000000e+02
-2.560000000000000000e+02
-7.900000000000000000e+01
-1.940000000000000000e+02
-3.590000000000000000e+02
-5.050000000000000000e+02
-4.590000000000000000e+02
-3.620000000000000000e+02
-3.000000000000000000e+01
-9.300000000000000000e+01
-1.811000000000000000e+03
-1.957000000000000000e+03
-1.468000000000000000e+03
-4.000000000000000000e+01
-1.538000000000000000e+03
-5.580000000000000000e+02
-2.360000000000000000e+02
-1.810000000000000000e+02
-3.720000000000000000e+02
-4.570000000000000000e+02
-4.670000000000000000e+02
-2.950000000000000000e+02
-3.000000000000000000e+01
-4.380000000000000000e+02
-1.930000000000000000e+02
-2.882000000000000000e+03
-2.886000000000000000e+03
-1.579000000000000000e+03
-2.699000000000000000e+03
-3.027000000000000000e+03
-3.118000000000000000e+03
-2.891000000000000000e+03
-2.381000000000000000e+03
-1.515000000000000000e+03
-1.090000000000000000e+03
-1.318000000000000000e+03
-2.996000000000000000e+03
-2.416000000000000000e+03
-2.198000000000000000e+03
-2.320000000000000000e+02
-1.434000000000000000e+03
-2.970000000000000000e+03
-3.053000000000000000e+03
-2.251000000000000000e+03
-2.643000000000000000e+03
-2.960000000000000000e+02
-7.500000000000000000e+01
-3.320000000000000000e+02
-3.000000000000000000e+01
-7.900000000000000000e+01
-2.460000000000000000e+02
-2.580000000000000000e+02
-2.370000000000000000e+02
-4.990000000000000000e+02
-3.000000000000000000e+01
-4.400000000000000000e+01
-1.860000000000000000e+03
-1.709000000000000000e+03
-1.503000000000000000e+03
-4.760000000000000000e+02
-5.250000000000000000e+02
-3.250000000000000000e+02
-3.890000000000000000e+02
-2.440000000000000000e+02
-2.100000000000000000e+02
-3.200000000000000000e+01
-1.272000000000000000e+03
-3.100000000000000000e+02
-3.000000000000000000e+01
-4.000000000000000000e+02
-1.253000000000000000e+03
-1.003000000000000000e+03
-2.060000000000000000e+03
-2.326000000000000000e+03
-2.620000000000000000e+03
-9.670000000000000000e+02
-2.902000000000000000e+03
-2.036000000000000000e+03
-2.560000000000000000e+03
-2.495000000000000000e+03
-2.227000000000000000e+03
-6.770000000000000000e+02
-1.170000000000000000e+03
-6.450000000000000000e+02
-1.873000000000000000e+03
-2.137000000000000000e+03
-8.860000000000000000e+02
-1.613000000000000000e+03
-3.370000000000000000e+02
-2.665000000000000000e+03
-2.398000000000000000e+03
-2.124000000000000000e+03
-2.647000000000000000e+03
-2.050000000000000000e+02
-1.710000000000000000e+02
-5.100000000000000000e+01
-1.510000000000000000e+02
-1.730000000000000000e+02
-7.020000000000000000e+02
-3.930000000000000000e+02
-1.430000000000000000e+02
-3.000000000000000000e+01
-1.648000000000000000e+03
-1.571000000000000000e+03
-9.700000000000000000e+01
-1.114000000000000000e+03
-6.830000000000000000e+02
-3.580000000000000000e+02
-2.440000000000000000e+02
-1.390000000000000000e+02
-1.240000000000000000e+02
-3.000000000000000000e+01
-1.419000000000000000e+03
-5.310000000000000000e+02
-1.380000000000000000e+03
-1.418000000000000000e+03
-5.970000000000000000e+02
-1.173000000000000000e+03
-1.393000000000000000e+03
-4.390000000000000000e+02
-4.130000000000000000e+02
-1.555000000000000000e+03
-2.370000000000000000e+03
-4.290000000000000000e+02
-2.942000000000000000e+03
-3.195000000000000000e+03
-1.625000000000000000e+03
-3.035000000000000000e+03
-2.064000000000000000e+03
-1.454000000000000000e+03
-7.850000000000000000e+02
-1.753000000000000000e+03
-1.430000000000000000e+02
-1.330000000000000000e+02
-1.125000000000000000e+03
-3.070000000000000000e+02
-3.000000000000000000e+01
-2.890000000000000000e+02
-4.470000000000000000e+02
-2.570000000000000000e+02
-2.350000000000000000e+02
-1.728000000000000000e+03
-2.922000000000000000e+03
-2.410000000000000000e+03
-1.167000000000000000e+03
-2.100000000000000000e+02
-3.000000000000000000e+01
-1.610000000000000000e+02
-1.810000000000000000e+02
-3.540000000000000000e+02
-3.000000000000000000e+01
-2.260000000000000000e+02
-1.030000000000000000e+02
-4.200000000000000000e+01
-5.720000000000000000e+02
-8.520000000000000000e+02
-5.090000000000000000e+02
-5.340000000000000000e+02
-2.130000000000000000e+02
-1.080000000000000000e+02
-1.820000000000000000e+02
-3.740000000000000000e+02
-1.077000000000000000e+03
-1.446000000000000000e+03
-8.970000000000000000e+02
-9.890000000000000000e+02
-5.320000000000000000e+02
-1.447000000000000000e+03
-1.686000000000000000e+03
-8.160000000000000000e+02
-1.169000000000000000e+03
-1.342000000000000000e+03
-3.280000000000000000e+02
-2.699000000000000000e+03
-9.770000000000000000e+02
-2.153000000000000000e+03
-3.650000000000000000e+02
-3.000000000000000000e+01
-3.084000000000000000e+03
-3.223000000000000000e+03
-3.228000000000000000e+03
-1.798000000000000000e+03
-3.115000000000000000e+03
-2.582000000000000000e+03
-2.059000000000000000e+03
-1.851000000000000000e+03
-5.400000000000000000e+01
-8.000000000000000000e+01
-1.490000000000000000e+02
-1.990000000000000000e+02
-3.440000000000000000e+02
-3.820000000000000000e+02
-3.100000000000000000e+02
-2.510000000000000000e+02
-3.000000000000000000e+01
-1.160000000000000000e+02
-1.804000000000000000e+03
-2.636000000000000000e+03
-2.634000000000000000e+03
-1.003000000000000000e+03
-1.450000000000000000e+02
-3.000000000000000000e+01
-4.200000000000000000e+01
-2.160000000000000000e+02
-3.000000000000000000e+01
-3.000000000000000000e+01
-9.700000000000000000e+01
-1.080000000000000000e+02
-2.610000000000000000e+02
-2.870000000000000000e+02
-1.550000000000000000e+02
-5.640000000000000000e+02
-2.820000000000000000e+02
-4.670000000000000000e+02
-5.940000000000000000e+02
-6.670000000000000000e+02
-5.930000000000000000e+02
-1.130000000000000000e+02
-3.000000000000000000e+01
-3.450000000000000000e+02
-2.870000000000000000e+02
-6.420000000000000000e+02
-4.800000000000000000e+01
-7.060000000000000000e+02
-5.340000000000000000e+02
-1.235000000000000000e+03
-1.560000000000000000e+03
-7.270000000000000000e+02
-6.830000000000000000e+02
-1.880000000000000000e+02
-2.867000000000000000e+03
-2.933000000000000000e+03
-2.020000000000000000e+02
-2.694000000000000000e+03
-2.259000000000000000e+03
-3.000000000000000000e+01
-3.000000000000000000e+03
-2.276000000000000000e+03
-1.281000000000000000e+03
-2.824000000000000000e+03
-1.816000000000000000e+03
-3.589000000000000000e+03
-1.917000000000000000e+03
-1.603000000000000000e+03
-1.497000000000000000e+03
-1.080000000000000000e+02
-8.100000000000000000e+01
-5.300000000000000000e+01
-3.040000000000000000e+02
-2.890000000000000000e+02
-1.780000000000000000e+02
-2.400000000000000000e+02
-2.480000000000000000e+02
-3.000000000000000000e+01
-1.150000000000000000e+02
-1.570000000000000000e+02
-3.000000000000000000e+03
-7.320000000000000000e+02
-2.951000000000000000e+03
-6.550000000000000000e+02
-2.680000000000000000e+03
-3.000000000000000000e+01
-5.340000000000000000e+02
-3.000000000000000000e+01
-3.000000000000000000e+01
-3.000000000000000000e+01
-3.000000000000000000e+01
-9.600000000000000000e+01
-3.000000000000000000e+01
-4.290000000000000000e+02
-2.660000000000000000e+02
-3.400000000000000000e+02
-4.220000000000000000e+02
-3.000000000000000000e+01
-3.660000000000000000e+02
-2.150000000000000000e+02
-4.050000000000000000e+02
-7.870000000000000000e+02
-2.030000000000000000e+02
-7.430000000000000000e+02
-8.600000000000000000e+01
-5.880000000000000000e+02
-1.960000000000000000e+02
-2.160000000000000000e+02
-5.390000000000000000e+02
-2.240000000000000000e+02
-3.000000000000000000e+01
-1.813000000000000000e+03
-1.537000000000000000e+03
-3.000000000000000000e+01
-2.710000000000000000e+02
-6.470000000000000000e+02
-1.410000000000000000e+03
-2.892000000000000000e+03
-3.442000000000000000e+03
-1.598000000000000000e+03
-3.288000000000000000e+03
-8.790000000000000000e+02
-1.336000000000000000e+03
-1.980000000000000000e+02
-1.330000000000000000e+02
-2.200000000000000000e+02
-2.710000000000000000e+02
-2.240000000000000000e+02
-1.920000000000000000e+02
-3.080000000000000000e+02
-2.810000000000000000e+02
-1.150000000000000000e+02
-3.000000000000000000e+01
-4.100000000000000000e+01
-3.090000000000000000e+02
-1.140000000000000000e+02
-3.000000000000000000e+01
-2.036000000000000000e+03
-2.850000000000000000e+03
-9.080000000000000000e+02
-7.580000000000000000e+02
-3.331000000000000000e+03
-7.780000000000000000e+02
-2.961000000000000000e+03
-1.075000000000000000e+03
-4.850000000000000000e+02
-1.550000000000000000e+02
-3.000000000000000000e+01
-3.000000000000000000e+01
-3.000000000000000000e+01
-1.480000000000000000e+02
-4.700000000000000000e+02
-1.930000000000000000e+02
-3.200000000000000000e+02
-4.050000000000000000e+02
-4.710000000000000000e+02
-3.000000000000000000e+01
-2.940000000000000000e+02
-1.044000000000000000e+03
-1.145000000000000000e+03
-8.890000000000000000e+02
-1.100000000000000000e+02
-2.340000000000000000e+02
-7.700000000000000000e+01
-2.000000000000000000e+02
-2.560000000000000000e+02
-3.000000000000000000e+01
-3.600000000000000000e+02
-9.900000000000000000e+02
-2.866000000000000000e+03
-3.393000000000000000e+03
-3.381000000000000000e+03
-2.126000000000000000e+03
-4.680000000000000000e+02
-8.440000000000000000e+02
-1.510000000000000000e+02
-1.910000000000000000e+02
-1.920000000000000000e+02
-3.330000000000000000e+02
-3.070000000000000000e+02
-1.350000000000000000e+02
-2.890000000000000000e+02
-4.900000000000000000e+01
-2.030000000000000000e+02
-2.280000000000000000e+02
-1.450000000000000000e+02
-8.300000000000000000e+01
-2.336000000000000000e+03
-1.723000000000000000e+03
-3.163000000000000000e+03
-9.400000000000000000e+02
-2.784000000000000000e+03
-3.219000000000000000e+03
-3.541000000000000000e+03
-2.946000000000000000e+03
-7.600000000000000000e+01
-3.070000000000000000e+02
-8.600000000000000000e+01
-2.460000000000000000e+02
-8.900000000000000000e+01
-3.000000000000000000e+01
-3.000000000000000000e+01
-1.566000000000000000e+03
-5.900000000000000000e+02
-3.000000000000000000e+01
-3.000000000000000000e+01
-2.500000000000000000e+02
-3.010000000000000000e+02
-7.610000000000000000e+02
-4.130000000000000000e+02
-2.640000000000000000e+02
-3.510000000000000000e+02
-2.043000000000000000e+03
-1.389000000000000000e+03
-7.000000000000000000e+01
-6.450000000000000000e+02
-3.000000000000000000e+01
-1.970000000000000000e+02
-6.100000000000000000e+01
-6.700000000000000000e+01
-6.010000000000000000e+02
-3.000000000000000000e+01
-3.000000000000000000e+01
-2.209000000000000000e+03
-2.730000000000000000e+03
-3.230000000000000000e+03
-2.648000000000000000e+03
-3.360000000000000000e+02
-9.530000000000000000e+02
-2.180000000000000000e+02
-3.190000000000000000e+02
-2.660000000000000000e+02
-2.290000000000000000e+02
-2.390000000000000000e+02
-1.120000000000000000e+02
-1.880000000000000000e+02
-9.300000000000000000e+01
-3.748000000000000000e+03
-2.143000000000000000e+03
-3.870000000000000000e+02
-3.860000000000000000e+02
-9.600000000000000000e+01
-6.200000000000000000e+02
-2.281000000000000000e+03
-3.047000000000000000e+03
-3.486000000000000000e+03
-2.721000000000000000e+03
-3.835000000000000000e+03
-2.948000000000000000e+03
-2.890000000000000000e+02
-4.430000000000000000e+02
-3.080000000000000000e+02
-1.421000000000000000e+03
-2.540000000000000000e+02
-2.040000000000000000e+02
-2.652000000000000000e+03
-2.284000000000000000e+03
-1.128000000000000000e+03
-3.000000000000000000e+01
-2.940000000000000000e+02
-4.570000000000000000e+02
-4.220000000000000000e+02
-3.330000000000000000e+02
-1.168000000000000000e+03
-1.088000000000000000e+03
-1.849000000000000000e+03
-1.455000000000000000e+03
-7.750000000000000000e+02
-2.577000000000000000e+03
-3.000000000000000000e+01
-3.000000000000000000e+01
-2.970000000000000000e+02
-1.130000000000000000e+02
-3.000000000000000000e+01
-1.233000000000000000e+03
-1.010000000000000000e+03
-3.000000000000000000e+01
-3.000000000000000000e+01
-3.300000000000000000e+01
-3.000000000000000000e+01
-1.809000000000000000e+03
-4.120000000000000000e+02
-4.700000000000000000e+02
-2.586000000000000000e+03
-2.853000000000000000e+03
-1.800000000000000000e+03
-4.890000000000000000e+02
-2.590000000000000000e+02
-5.100000000000000000e+01
-3.410000000000000000e+02
-1.310000000000000000e+02
-7.200000000000000000e+01
-3.000000000000000000e+01
-4.120000000000000000e+03
-3.305000000000000000e+03
-9.800000000000000000e+01
-2.425000000000000000e+03
-9.180000000000000000e+02
-1.642000000000000000e+03
-3.893000000000000000e+03
-3.618000000000000000e+03
-3.959000000000000000e+03
-3.454000000000000000e+03
-1.381000000000000000e+03
-2.198000000000000000e+03
-1.815000000000000000e+03
-2.427000000000000000e+03
-1.940000000000000000e+02
-1.070000000000000000e+02
-3.199000000000000000e+03
-2.764000000000000000e+03
-1.855000000000000000e+03
-5.200000000000000000e+01
-1.733000000000000000e+03
-1.468000000000000000e+03
-2.083000000000000000e+03
-1.874000000000000000e+03
-2.065000000000000000e+03
-2.153000000000000000e+03
-2.533000000000000000e+03
-1.519000000000000000e+03
-7.790000000000000000e+02
-3.085000000000000000e+03
-3.000000000000000000e+01
-3.000000000000000000e+01
-3.413000000000000000e+03
-2.630000000000000000e+02
-3.000000000000000000e+01
-5.120000000000000000e+02
-1.207000000000000000e+03
-2.030000000000000000e+03
-1.142000000000000000e+03
-3.000000000000000000e+01
-3.000000000000000000e+01
-6.700000000000000000e+01
-9.200000000000000000e+01
-3.000000000000000000e+01
-1.190000000000000000e+03
-1.410000000000000000e+02
-8.670000000000000000e+02
-6.540000000000000000e+02
-3.020000000000000000e+02
-1.520000000000000000e+02
-2.100000000000000000e+02
-5.600000000000000000e+01
-2.710000000000000000e+02
-3.000000000000000000e+01
-3.000000000000000000e+01
-1.250000000000000000e+02
-1.560000000000000000e+02
-3.919000000000000000e+03
-3.959000000000000000e+03
-2.100000000000000000e+02
-3.774000000000000000e+03
-1.831000000000000000e+03
-3.053000000000000000e+03
-3.725000000000000000e+03
-4.092000000000000000e+03
-1.231000000000000000e+03
-8.060000000000000000e+02
-2.710000000000000000e+03
-2.917000000000000000e+03
-1.092000000000000000e+03
-1.590000000000000000e+02
-1.390000000000000000e+02
-3.449000000000000000e+03
-3.095000000000000000e+03
-7.500000000000000000e+01
-2.753000000000000000e+03
-1.917000000000000000e+03
-1.826000000000000000e+03
-2.696000000000000000e+03
-2.551000000000000000e+03
-2.428000000000000000e+03
-1.756000000000000000e+03
-1.238000000000000000e+03
-2.945000000000000000e+03
-3.000000000000000000e+01
-3.000000000000000000e+01
-3.417000000000000000e+03
-1.151000000000000000e+03
-1.634000000000000000e+03
-1.618000000000000000e+03
-2.319000000000000000e+03
-2.305000000000000000e+03
-1.989000000000000000e+03
-1.454000000000000000e+03
-1.290000000000000000e+02
-1.270000000000000000e+02
-3.000000000000000000e+01
-5.110000000000000000e+02
-1.190000000000000000e+02
-1.055000000000000000e+03
-4.850000000000000000e+02
-5.440000000000000000e+02
-5.800000000000000000e+02
-3.000000000000000000e+02
-5.690000000000000000e+02
-3.350000000000000000e+02
-9.300000000000000000e+01
-2.360000000000000000e+02
-4.400000000000000000e+01
-3.412000000000000000e+03
-3.848000000000000000e+03
-3.399000000000000000e+03
-3.550000000000000000e+03
-4.198000000000000000e+03
-3.692000000000000000e+03
-1.137000000000000000e+03
-7.870000000000000000e+02
-4.930000000000000000e+02
-2.376000000000000000e+03
-3.140000000000000000e+02
-1.601000000000000000e+03
-1.630000000000000000e+03
-1.673000000000000000e+03
-4.930000000000000000e+02
-3.566000000000000000e+03
-3.544000000000000000e+03
-3.051000000000000000e+03
-5.500000000000000000e+01
-2.797000000000000000e+03
-2.311000000000000000e+03
-2.601000000000000000e+03
-2.954000000000000000e+03
-2.852000000000000000e+03
-1.937000000000000000e+03
-1.278000000000000000e+03
-3.000000000000000000e+03
-2.193000000000000000e+03
-7.200000000000000000e+01
-1.857000000000000000e+03
-3.417000000000000000e+03
-1.650000000000000000e+03
-2.330000000000000000e+03
-1.933000000000000000e+03
-2.579000000000000000e+03
-2.661000000000000000e+03
-1.054000000000000000e+03
-1.013000000000000000e+03
-1.060000000000000000e+02
-1.530000000000000000e+02
-1.019000000000000000e+03
-9.560000000000000000e+02
-2.179000000000000000e+03
-3.000000000000000000e+01
-3.750000000000000000e+02
-6.200000000000000000e+01
-1.120000000000000000e+02
-3.000000000000000000e+01
-3.282000000000000000e+03
-3.694000000000000000e+03
-3.636000000000000000e+03
-3.924000000000000000e+03
-4.231000000000000000e+03
-2.002000000000000000e+03
-1.944000000000000000e+03
-1.205000000000000000e+03
-1.790000000000000000e+02
-4.000000000000000000e+02
-5.920000000000000000e+02
-1.698000000000000000e+03
-1.941000000000000000e+03
-2.176000000000000000e+03
-2.105000000000000000e+03
-4.750000000000000000e+02
-3.000000000000000000e+01
-2.000000000000000000e+02
-1.290000000000000000e+02
-3.000000000000000000e+01
-5.600000000000000000e+01
-3.000000000000000000e+01
-3.662000000000000000e+03
-3.479000000000000000e+03
-8.750000000000000000e+02
-2.466000000000000000e+03
-2.883000000000000000e+03
-2.984000000000000000e+03
-2.907000000000000000e+03
-3.027000000000000000e+03
-1.435000000000000000e+03
-1.657000000000000000e+03
-2.452000000000000000e+03
-2.198000000000000000e+03
-2.748000000000000000e+03
-3.590000000000000000e+03
-2.241000000000000000e+03
-2.839000000000000000e+03
-1.089000000000000000e+03
-6.990000000000000000e+02
-1.569000000000000000e+03
-1.782000000000000000e+03
-3.000000000000000000e+01
-7.010000000000000000e+02
-3.467000000000000000e+03
-8.800000000000000000e+01
-1.270000000000000000e+02
-3.000000000000000000e+01
-3.700000000000000000e+01
-1.130000000000000000e+02
-4.200000000000000000e+01
-4.257000000000000000e+03
-4.268000000000000000e+03
-3.856000000000000000e+03
-4.085000000000000000e+03
-2.486000000000000000e+03
-3.040000000000000000e+03
-1.281000000000000000e+03
-5.680000000000000000e+02
-5.130000000000000000e+02
-2.470000000000000000e+03
-1.480000000000000000e+03
-2.766000000000000000e+03
-5.290000000000000000e+02
-9.200000000000000000e+01
-3.630000000000000000e+02
-1.740000000000000000e+02
-3.000000000000000000e+01
-3.000000000000000000e+01
-1.400000000000000000e+02
-2.010000000000000000e+02
-2.410000000000000000e+02
-2.570000000000000000e+02
-3.000000000000000000e+01
-3.538000000000000000e+03
-3.512000000000000000e+03
-2.792000000000000000e+03
-1.674000000000000000e+03
-3.195000000000000000e+03
-3.144000000000000000e+03
-2.367000000000000000e+03
-2.746000000000000000e+03
-2.043000000000000000e+03
-3.481000000000000000e+03
-3.317000000000000000e+03
-3.304000000000000000e+03
-3.167000000000000000e+03
-2.689000000000000000e+03
-2.990000000000000000e+03
-1.215000000000000000e+03
-1.099000000000000000e+03
-1.750000000000000000e+02
-7.930000000000000000e+02
-4.100000000000000000e+01
-3.377000000000000000e+03
-1.107000000000000000e+03
-3.429000000000000000e+03
-8.500000000000000000e+01
-1.070000000000000000e+02
-3.700000000000000000e+01
-1.902000000000000000e+03
-4.197000000000000000e+03
-4.252000000000000000e+03
-3.097000000000000000e+03
-1.960000000000000000e+03
-1.802000000000000000e+03
-2.227000000000000000e+03
-1.553000000000000000e+03
-3.144000000000000000e+03
-2.754000000000000000e+03
-1.962000000000000000e+03
-4.470000000000000000e+02
-3.700000000000000000e+01
-3.080000000000000000e+02
-3.000000000000000000e+01
-3.000000000000000000e+01
-1.440000000000000000e+02
-1.280000000000000000e+02
-1.177000000000000000e+03
-1.063000000000000000e+03
-2.650000000000000000e+02
-9.900000000000000000e+01
-3.466000000000000000e+03
-3.817000000000000000e+03
-1.678000000000000000e+03
-2.807000000000000000e+03
-1.750000000000000000e+03
-2.567000000000000000e+03
-3.523000000000000000e+03
-3.400000000000000000e+03
-3.004000000000000000e+03
-3.104000000000000000e+03
-1.461000000000000000e+03
-7.950000000000000000e+02
-4.590000000000000000e+02
-2.869000000000000000e+03
-1.320000000000000000e+02
-8.600000000000000000e+01
-3.000000000000000000e+01
-1.544000000000000000e+03
-4.026000000000000000e+03
-3.420000000000000000e+03
-3.697000000000000000e+03
-7.330000000000000000e+02
-3.000000000000000000e+01
-3.847000000000000000e+03
-1.640000000000000000e+03
-1.213000000000000000e+03
-2.335000000000000000e+03
-2.678000000000000000e+03
-3.011000000000000000e+03
-2.958000000000000000e+03
-2.679000000000000000e+03
-2.029000000000000000e+03
-2.210000000000000000e+02
-3.000000000000000000e+01
-3.000000000000000000e+01
-3.000000000000000000e+01
-4.500000000000000000e+01
-1.013000000000000000e+03
-4.130000000000000000e+02
-1.730000000000000000e+02
-3.649000000000000000e+03
-2.735000000000000000e+03
-1.749000000000000000e+03
-8.800000000000000000e+01
-1.040000000000000000e+02
-4.011000000000000000e+03
-2.667000000000000000e+03
-1.625000000000000000e+03
-3.028000000000000000e+03
-3.067000000000000000e+03
-3.603000000000000000e+03
-2.299000000000000000e+03
-3.274000000000000000e+03
-2.743000000000000000e+03
-1.236000000000000000e+03
-2.374000000000000000e+03
-4.890000000000000000e+02
-3.100000000000000000e+01
-1.341000000000000000e+03
-3.590000000000000000e+02
-5.700000000000000000e+01
-3.932000000000000000e+03
-4.413000000000000000e+03
-3.400000000000000000e+01
-5.400000000000000000e+01
-2.110000000000000000e+03
-3.491000000000000000e+03
-3.184000000000000000e+03
-3.379000000000000000e+03
-1.590000000000000000e+03
-3.000000000000000000e+01
-3.000000000000000000e+01
-1.996000000000000000e+03
-3.306000000000000000e+03
-2.785000000000000000e+03
-3.128000000000000000e+03
-3.472000000000000000e+03
-3.592000000000000000e+03
-3.474000000000000000e+03
-3.389000000000000000e+03
-2.800000000000000000e+03
-1.010000000000000000e+02
-7.400000000000000000e+01
-3.000000000000000000e+01
-3.770000000000000000e+02
-1.635000000000000000e+03
-3.350000000000000000e+02
-4.171000000000000000e+03
-6.900000000000000000e+01
-1.061000000000000000e+03
-7.290000000000000000e+02
-7.200000000000000000e+01
-4.312000000000000000e+03
-2.934000000000000000e+03
-3.689000000000000000e+03
-3.771000000000000000e+03
-3.592000000000000000e+03
-3.730000000000000000e+02
-4.020000000000000000e+03
-3.224000000000000000e+03
-3.957000000000000000e+03
-1.340000000000000000e+03
-3.000000000000000000e+01
-4.862000000000000000e+03
-3.000000000000000000e+01
-5.037000000000000000e+03
-4.341000000000000000e+03
-4.339000000000000000e+03
-5.033000000000000000e+03
-4.957000000000000000e+03
-5.262000000000000000e+03
-3.000000000000000000e+01
-3.000000000000000000e+01
-1.500000000000000000e+02
-3.366000000000000000e+03
-3.745000000000000000e+03
-3.000000000000000000e+01
-2.073000000000000000e+03
-8.900000000000000000e+02
-2.486000000000000000e+03
-2.527000000000000000e+03
-5.500000000000000000e+01
-3.000000000000000000e+01
-2.685000000000000000e+03
-2.711000000000000000e+03
-2.623000000000000000e+03
-3.144000000000000000e+03
-3.675000000000000000e+03
-3.674000000000000000e+03
-3.641000000000000000e+03
-3.613000000000000000e+03
-3.399000000000000000e+03
-3.400000000000000000e+01
-1.939000000000000000e+03
-4.535000000000000000e+03
-2.753000000000000000e+03
-3.950000000000000000e+03
-2.028000000000000000e+03
-3.286000000000000000e+03
-3.730000000000000000e+03
-4.108000000000000000e+03
-3.908000000000000000e+03
-2.973000000000000000e+03
-3.955000000000000000e+03
-7.520000000000000000e+02
-4.170000000000000000e+03
-4.716000000000000000e+03
-2.296000000000000000e+03
-1.550000000000000000e+02
-3.000000000000000000e+01
-5.153000000000000000e+03
-5.251000000000000000e+03
-3.800000000000000000e+03
-5.065000000000000000e+03
-5.219000000000000000e+03
-4.880000000000000000e+03
-5.413000000000000000e+03
-5.255000000000000000e+03
-1.065000000000000000e+03
-2.390000000000000000e+02
-2.775000000000000000e+03
-1.776000000000000000e+03
-3.000000000000000000e+01
-7.700000000000000000e+01
-1.090000000000000000e+02
-5.600000000000000000e+01
-4.000000000000000000e+01
-1.464000000000000000e+03
-2.681000000000000000e+03
-2.165000000000000000e+03
-2.370000000000000000e+02
-3.038000000000000000e+03
-3.726000000000000000e+03
-3.699000000000000000e+03
-3.647000000000000000e+03
-3.198000000000000000e+03
-2.113000000000000000e+03
-3.000000000000000000e+01
-5.212000000000000000e+03
-3.172000000000000000e+03
-4.104000000000000000e+03
-4.589000000000000000e+03
-4.818000000000000000e+03
-4.839000000000000000e+03
-4.356000000000000000e+03
-2.874000000000000000e+03
-3.862000000000000000e+03
-4.835000000000000000e+03
-4.302000000000000000e+03
-4.585000000000000000e+03
-1.460000000000000000e+02
-2.942000000000000000e+03
-5.490000000000000000e+02
-4.500000000000000000e+01
-5.409000000000000000e+03
-5.167000000000000000e+03
-4.559000000000000000e+03
-4.309000000000000000e+03
-1.229000000000000000e+03
-5.459000000000000000e+03
-5.206000000000000000e+03
-4.760000000000000000e+03
-7.500000000000000000e+02
-3.000000000000000000e+01
-4.469000000000000000e+03
-4.201000000000000000e+03
-2.853000000000000000e+03
-5.840000000000000000e+02
-4.500000000000000000e+01
-5.700000000000000000e+01
-3.000000000000000000e+01
-1.193000000000000000e+03
-4.600000000000000000e+02
-7.700000000000000000e+01
-1.025000000000000000e+03
-1.798000000000000000e+03
-3.489000000000000000e+03
-3.791000000000000000e+03
-3.640000000000000000e+03
-2.573000000000000000e+03
-3.000000000000000000e+01
-5.384000000000000000e+03
-4.603000000000000000e+03
-4.792000000000000000e+03
-3.259000000000000000e+03
-3.947000000000000000e+03
-4.727000000000000000e+03
-3.660000000000000000e+03
-2.082000000000000000e+03
-4.586000000000000000e+03
-4.127000000000000000e+03
-4.496000000000000000e+03
-4.798000000000000000e+03
-6.300000000000000000e+01
-5.509000000000000000e+03
-4.822000000000000000e+03
-5.444000000000000000e+03
-5.418000000000000000e+03
-5.373000000000000000e+03
-5.491000000000000000e+03
-5.281000000000000000e+03
-2.290000000000000000e+03
-3.000000000000000000e+01
-5.822000000000000000e+03
-1.541000000000000000e+03
-1.491000000000000000e+03
-4.100000000000000000e+01
-3.000000000000000000e+01
-7.900000000000000000e+02
-6.500000000000000000e+01
-4.800000000000000000e+01
-3.766000000000000000e+03
-1.950000000000000000e+02
-8.900000000000000000e+02
-3.299000000000000000e+03
-3.707000000000000000e+03
-3.000000000000000000e+01
-4.680000000000000000e+03
-4.803000000000000000e+03
-4.366000000000000000e+03
-3.426000000000000000e+03
-3.495000000000000000e+03
-4.303000000000000000e+03
-1.742000000000000000e+03
-4.757000000000000000e+03
-4.374000000000000000e+03
-4.020000000000000000e+03
-3.800000000000000000e+01
-5.201000000000000000e+03
-4.266000000000000000e+03
-5.533000000000000000e+03
-5.975000000000000000e+03
-5.431000000000000000e+03
-5.906000000000000000e+03
-5.776000000000000000e+03
-4.100000000000000000e+02
-1.579000000000000000e+03
-2.261000000000000000e+03
-6.660000000000000000e+02
-1.570000000000000000e+02
-3.000000000000000000e+01
-3.000000000000000000e+01
-5.600000000000000000e+01
-3.600000000000000000e+01
-6.100000000000000000e+01
-1.212000000000000000e+03
-4.600000000000000000e+01
-3.000000000000000000e+01
-2.647000000000000000e+03
-5.245000000000000000e+03
-2.528000000000000000e+03
-4.405000000000000000e+03
-2.898000000000000000e+03
-2.241000000000000000e+03
-5.332000000000000000e+03
-5.036000000000000000e+03
-2.954000000000000000e+03
-3.987000000000000000e+03
-3.930000000000000000e+03
-3.859000000000000000e+03
-4.886000000000000000e+03
-5.266000000000000000e+03
-5.226000000000000000e+03
-5.452000000000000000e+03
-2.414000000000000000e+03
-3.461000000000000000e+03
-4.143000000000000000e+03
-1.638000000000000000e+03
-3.900000000000000000e+01
-3.000000000000000000e+01
-3.700000000000000000e+01
-5.200000000000000000e+01
-4.400000000000000000e+01
-3.200000000000000000e+01
-4.235000000000000000e+03
-5.186000000000000000e+03
-2.297000000000000000e+03
-4.189000000000000000e+03
-5.027000000000000000e+03
-4.892000000000000000e+03
-4.582000000000000000e+03
-5.300000000000000000e+01
-5.177000000000000000e+03
-4.615000000000000000e+03
-3.482000000000000000e+03
-5.058000000000000000e+03
-4.511000000000000000e+03
-5.343000000000000000e+03
-4.498000000000000000e+03
-1.254000000000000000e+03
-7.480000000000000000e+02
-3.000000000000000000e+01
-4.900000000000000000e+01
-3.000000000000000000e+01
-3.000000000000000000e+01
-5.781000000000000000e+03
-4.688000000000000000e+03
-4.716000000000000000e+03
-5.197000000000000000e+03
-5.175000000000000000e+03
-5.255000000000000000e+03
-3.870000000000000000e+03
-5.104000000000000000e+03
-5.368000000000000000e+03
-5.109000000000000000e+03
-3.507000000000000000e+03
-5.469000000000000000e+03
-4.255000000000000000e+03
-5.088000000000000000e+03
-2.051000000000000000e+03
-1.430000000000000000e+02
-4.570000000000000000e+03
-3.000000000000000000e+01
-1.810000000000000000e+02
-8.770000000000000000e+02
-8.100000000000000000e+01
-5.200000000000000000e+01
-3.000000000000000000e+01
-1.870000000000000000e+02
-4.993000000000000000e+03
-5.429000000000000000e+03
-5.079000000000000000e+03
-2.548000000000000000e+03
-4.956000000000000000e+03
-4.742000000000000000e+03
-4.439000000000000000e+03
-4.378000000000000000e+03
-3.000000000000000000e+01
-5.074000000000000000e+03
-5.283000000000000000e+03
-4.143000000000000000e+03
-4.882000000000000000e+03
-4.742000000000000000e+03
-4.970000000000000000e+03
-3.000000000000000000e+01
-4.658000000000000000e+03
-8.900000000000000000e+01
-3.846000000000000000e+03
-3.717000000000000000e+03
-3.540000000000000000e+03
-4.220000000000000000e+02
-1.520000000000000000e+02
-9.700000000000000000e+01
-3.000000000000000000e+01
-3.000000000000000000e+01
-4.344000000000000000e+03
-3.000000000000000000e+01
-3.433000000000000000e+03
-4.811000000000000000e+03
-4.890000000000000000e+03
-3.648000000000000000e+03
-3.961000000000000000e+03
-6.850000000000000000e+02
-5.720000000000000000e+03
-5.696000000000000000e+03
-3.927000000000000000e+03
-4.622000000000000000e+03
-4.645000000000000000e+03
-4.158000000000000000e+03
-3.000000000000000000e+01
-5.005000000000000000e+03
-3.124000000000000000e+03
-3.634000000000000000e+03
-4.037000000000000000e+03
-2.834000000000000000e+03
-3.604000000000000000e+03
-3.693000000000000000e+03
-3.875000000000000000e+03
-3.220000000000000000e+02
-3.636000000000000000e+03
-3.440000000000000000e+03
-8.300000000000000000e+01
-9.700000000000000000e+01
-3.000000000000000000e+01
-4.554000000000000000e+03
-4.516000000000000000e+03
-1.804000000000000000e+03
-3.106000000000000000e+03
-3.755000000000000000e+03
-4.000000000000000000e+01
-5.136000000000000000e+03
-3.790000000000000000e+03
-4.280000000000000000e+03
-4.136000000000000000e+03
-4.401000000000000000e+03
-3.000000000000000000e+01
-5.169000000000000000e+03
-5.205000000000000000e+03
-2.212000000000000000e+03
-3.398000000000000000e+03
-3.842000000000000000e+03
-1.434000000000000000e+03
-2.662000000000000000e+03
-4.336000000000000000e+03
-3.781000000000000000e+03
-4.111000000000000000e+03
-4.257000000000000000e+03
-4.286000000000000000e+03
-3.900000000000000000e+02
-2.682000000000000000e+03
-7.350000000000000000e+02
-4.198000000000000000e+03
-3.615000000000000000e+03
-3.808000000000000000e+03
-1.617000000000000000e+03
-1.745000000000000000e+03
-4.970000000000000000e+03
-4.494000000000000000e+03
-4.789000000000000000e+03
-4.256000000000000000e+03
-4.221000000000000000e+03
-5.020000000000000000e+02
-3.958000000000000000e+03
-3.688000000000000000e+03
-4.494000000000000000e+03
-3.000000000000000000e+01
-4.080000000000000000e+03
-4.157000000000000000e+03
-2.959000000000000000e+03
-1.160000000000000000e+02
-3.830000000000000000e+02
-4.837000000000000000e+03
-2.871000000000000000e+03
-3.918000000000000000e+03
-5.519000000000000000e+03
-1.310000000000000000e+02
-3.188000000000000000e+03
-4.974000000000000000e+03
-3.826000000000000000e+03
-4.179000000000000000e+03
-4.656000000000000000e+03
-4.533000000000000000e+03
-4.707000000000000000e+03
-8.720000000000000000e+02
-1.603000000000000000e+03
-3.062000000000000000e+03
-3.473000000000000000e+03
-3.250000000000000000e+03
-4.089000000000000000e+03
-9.570000000000000000e+02
-2.953000000000000000e+03
-2.964000000000000000e+03
-2.258000000000000000e+03
-3.583000000000000000e+03
-1.765000000000000000e+03
-3.740000000000000000e+02
-4.876000000000000000e+03
-5.076000000000000000e+03
-5.062000000000000000e+03
-4.716000000000000000e+03
-4.969000000000000000e+03
-3.000000000000000000e+01
-2.739000000000000000e+03
-4.578000000000000000e+03
-7.670000000000000000e+02
-3.638000000000000000e+03
-4.514000000000000000e+03
-5.104000000000000000e+03
-5.136000000000000000e+03
-4.767000000000000000e+03
-1.045000000000000000e+03
-5.007000000000000000e+03
-1.085000000000000000e+03
-1.990000000000000000e+02
-2.945000000000000000e+03
-4.735000000000000000e+03
-5.859000000000000000e+03
-5.091000000000000000e+03
-6.000000000000000000e+03
-4.632000000000000000e+03
-5.255000000000000000e+03
-4.854000000000000000e+03
-5.190000000000000000e+03
-4.501000000000000000e+03
-5.039000000000000000e+03
-4.495000000000000000e+03
-2.030000000000000000e+02
-4.164000000000000000e+03
-4.206000000000000000e+03
-3.711000000000000000e+03
-3.703000000000000000e+03
-3.327000000000000000e+03
-3.938000000000000000e+03
-3.271000000000000000e+03
-3.211000000000000000e+03
-3.974000000000000000e+03
-1.774000000000000000e+03
-2.364000000000000000e+03
-2.990000000000000000e+03
-2.840000000000000000e+03
-3.842000000000000000e+03
-3.566000000000000000e+03
-3.292000000000000000e+03
-5.354000000000000000e+03
-5.640000000000000000e+03
-5.371000000000000000e+03
-5.548000000000000000e+03
-5.375000000000000000e+03
-2.406000000000000000e+03
-4.785000000000000000e+03
-5.010000000000000000e+03
-4.988000000000000000e+03
-4.891000000000000000e+03
-7.780000000000000000e+02
-4.817000000000000000e+03
-4.222000000000000000e+03
-4.129000000000000000e+03
-4.164000000000000000e+03
-3.679000000000000000e+03
-3.148000000000000000e+03
-5.667000000000000000e+03
-6.680000000000000000e+02
-6.000000000000000000e+03
-5.310000000000000000e+03
-5.720000000000000000e+03
-5.469000000000000000e+03
-5.587000000000000000e+03
-5.186000000000000000e+03
-5.074000000000000000e+03
-5.309000000000000000e+03
-5.332000000000000000e+03
-2.591000000000000000e+03
-1.472000000000000000e+03
-1.310000000000000000e+03
-5.676000000000000000e+03
-4.594000000000000000e+03
-8.100000000000000000e+01
-4.692000000000000000e+03
-4.608000000000000000e+03
-3.973000000000000000e+03
-4.477000000000000000e+03
-4.221000000000000000e+03
-3.935000000000000000e+03
-3.853000000000000000e+03
-4.076000000000000000e+03
-3.608000000000000000e+03
-3.128000000000000000e+03
-3.308000000000000000e+03
-4.500000000000000000e+03
-3.064000000000000000e+03
-3.839000000000000000e+03
-4.256000000000000000e+03
-3.391000000000000000e+03
-3.286000000000000000e+03
-5.641000000000000000e+03
-6.000000000000000000e+03
-5.365000000000000000e+03
-5.628000000000000000e+03
-5.563000000000000000e+03
-4.461000000000000000e+03
-4.985000000000000000e+03
-2.902000000000000000e+03
-3.000000000000000000e+01
-2.250000000000000000e+02
-4.337000000000000000e+03
-5.407000000000000000e+03
-5.523000000000000000e+03
-5.239000000000000000e+03
-2.770000000000000000e+02
-4.542000000000000000e+03
-5.105000000000000000e+03
-2.770000000000000000e+03
-4.257000000000000000e+03
-3.900000000000000000e+01
-3.000000000000000000e+01
-3.200000000000000000e+01
-5.300000000000000000e+01
-5.408000000000000000e+03
-2.942000000000000000e+03
-3.567000000000000000e+03
-5.466000000000000000e+03
-5.611000000000000000e+03
-5.674000000000000000e+03
-5.726000000000000000e+03
-5.822000000000000000e+03
-4.520000000000000000e+03
-5.672000000000000000e+03
-5.456000000000000000e+03
-4.764000000000000000e+03
-4.705000000000000000e+03
-3.242000000000000000e+03
-3.888000000000000000e+03
-4.180000000000000000e+03
-2.316000000000000000e+03
-4.027000000000000000e+03
-3.740000000000000000e+03
-3.362000000000000000e+03
-3.842000000000000000e+03
-3.508000000000000000e+03
-3.150000000000000000e+02
-4.431000000000000000e+03
-4.588000000000000000e+03
-4.198000000000000000e+03
-4.421000000000000000e+03
-3.972000000000000000e+03
-4.036000000000000000e+03
-3.952000000000000000e+03
-3.796000000000000000e+03
-3.668000000000000000e+03
-4.601000000000000000e+03
-4.143000000000000000e+03
-3.589000000000000000e+03
-4.042000000000000000e+03
-3.952000000000000000e+03
-3.477000000000000000e+03
-3.605000000000000000e+03
-4.135000000000000000e+03
-4.412000000000000000e+03
-5.937000000000000000e+03
-5.483000000000000000e+03
-4.468000000000000000e+03
-5.203000000000000000e+03
-4.336000000000000000e+03
-4.101000000000000000e+03
-3.137000000000000000e+03
-3.914000000000000000e+03
-2.990000000000000000e+02
-3.555000000000000000e+03
-1.892000000000000000e+03
-2.925000000000000000e+03
-4.800000000000000000e+02
-2.630000000000000000e+02
-4.185000000000000000e+03
-4.161000000000000000e+03
-5.180000000000000000e+03
-5.454000000000000000e+03
-5.541000000000000000e+03
-3.000000000000000000e+01
-2.275000000000000000e+03
-4.502000000000000000e+03
-4.263000000000000000e+03
-3.006000000000000000e+03
-3.662000000000000000e+03
-3.721000000000000000e+03
-4.459000000000000000e+03
-5.314000000000000000e+03
-4.745000000000000000e+03
-4.135000000000000000e+03
-3.684000000000000000e+03
-5.452000000000000000e+03
-4.697000000000000000e+03
-5.527000000000000000e+03
-5.461000000000000000e+03
-5.915000000000000000e+03
-4.834000000000000000e+03
-5.485000000000000000e+03
-5.296000000000000000e+03
-4.014000000000000000e+03
-4.434000000000000000e+03
-3.840000000000000000e+03
-2.254000000000000000e+03
-4.017000000000000000e+03
-3.479000000000000000e+03
-4.037000000000000000e+03
-3.827000000000000000e+03
-4.047000000000000000e+03
-3.697000000000000000e+03
-3.886000000000000000e+03
-4.128000000000000000e+03
-4.036000000000000000e+03
-3.420000000000000000e+02
-2.670000000000000000e+02
-4.251000000000000000e+03
-5.010000000000000000e+03
-5.246000000000000000e+03
-4.396000000000000000e+03
-4.607000000000000000e+03
-3.971000000000000000e+03
-4.092000000000000000e+03
-3.755000000000000000e+03
-4.364000000000000000e+03
-4.061000000000000000e+03
-3.533000000000000000e+03
-3.459000000000000000e+03
-4.477000000000000000e+03
-4.986000000000000000e+03
-5.288000000000000000e+03
-4.490000000000000000e+03
-4.717000000000000000e+03
-5.366000000000000000e+03
-5.607000000000000000e+03
-5.121000000000000000e+03
-4.132000000000000000e+03
-6.450000000000000000e+02
-3.622000000000000000e+03
-2.270000000000000000e+02
-3.474000000000000000e+03
-5.823000000000000000e+03
-2.210000000000000000e+03
-5.942000000000000000e+03
-1.796000000000000000e+03
-3.387000000000000000e+03
-4.793000000000000000e+03
-5.453000000000000000e+03
-4.827000000000000000e+03
-4.135000000000000000e+03
-4.984000000000000000e+03
-5.402000000000000000e+03
-3.554000000000000000e+03
-2.766000000000000000e+03
-3.909000000000000000e+03
-5.711000000000000000e+03
-5.164000000000000000e+03
-4.896000000000000000e+03
-1.263000000000000000e+03
-5.603000000000000000e+03
-5.877000000000000000e+03
-6.000000000000000000e+03
-5.848000000000000000e+03
-6.000000000000000000e+03
-5.798000000000000000e+03
-5.409000000000000000e+03
-5.127000000000000000e+03
-3.516000000000000000e+03
-3.837000000000000000e+03
-9.600000000000000000e+01
-3.501000000000000000e+03
-3.501000000000000000e+03
-3.911000000000000000e+03
-4.315000000000000000e+03
-3.887000000000000000e+03
-4.621000000000000000e+03
-4.469000000000000000e+03
-4.958000000000000000e+03
-4.873000000000000000e+03
-4.463000000000000000e+03
-3.922000000000000000e+03
-4.329000000000000000e+03
-4.217000000000000000e+03
-4.863000000000000000e+03
-4.992000000000000000e+03
-4.382000000000000000e+03
-4.457000000000000000e+03
-4.125000000000000000e+03
-4.200000000000000000e+03
-4.306000000000000000e+03
-3.747000000000000000e+03
-3.369000000000000000e+03
-5.800000000000000000e+03
-5.582000000000000000e+03
-3.158000000000000000e+03
-5.475000000000000000e+03
-5.316000000000000000e+03
-5.536000000000000000e+03
-5.074000000000000000e+03
-1.108000000000000000e+03
-3.487000000000000000e+03
-3.705000000000000000e+03
-4.120000000000000000e+03
-7.440000000000000000e+02
-2.010000000000000000e+02
-5.607000000000000000e+03
-2.976000000000000000e+03
-5.060000000000000000e+03
-3.926000000000000000e+03
-5.287000000000000000e+03
-5.234000000000000000e+03
-5.012000000000000000e+03
-5.103000000000000000e+03
-4.087000000000000000e+03
-3.107000000000000000e+03
-4.713000000000000000e+03
-5.174000000000000000e+03
-5.136000000000000000e+03
-4.733000000000000000e+03
-3.373000000000000000e+03
-4.700000000000000000e+02
-5.652000000000000000e+03
-5.920000000000000000e+03
-3.834000000000000000e+03
-4.821000000000000000e+03
-4.982000000000000000e+03
-5.155000000000000000e+03
-5.419000000000000000e+03
-4.631000000000000000e+03
-5.353000000000000000e+03
-5.202000000000000000e+03
-3.150000000000000000e+03
-2.990000000000000000e+02
-3.740000000000000000e+03
-3.853000000000000000e+03
-3.703000000000000000e+03
-3.151000000000000000e+03
-4.896000000000000000e+03
-4.565000000000000000e+03
-5.092000000000000000e+03
-4.858000000000000000e+03
-4.494000000000000000e+03
-4.706000000000000000e+03
-4.180000000000000000e+03
-4.653000000000000000e+03
-2.673000000000000000e+03
-5.036000000000000000e+03
-4.529000000000000000e+03
-4.506000000000000000e+03
-4.403000000000000000e+03
-3.058000000000000000e+03
-3.999000000000000000e+03
-3.629000000000000000e+03
-4.864000000000000000e+03
-5.041000000000000000e+03
-4.823000000000000000e+03
-5.375000000000000000e+03
-5.484000000000000000e+03
-4.953000000000000000e+03
-1.175000000000000000e+03
-3.018000000000000000e+03
-2.541000000000000000e+03
-3.756000000000000000e+03
-3.071000000000000000e+03
-3.304000000000000000e+03
-1.704000000000000000e+03
-1.170000000000000000e+02
-5.880000000000000000e+03
-2.476000000000000000e+03
-4.757000000000000000e+03
-4.669000000000000000e+03
-4.869000000000000000e+03
-4.458000000000000000e+03
-4.701000000000000000e+03
-3.343000000000000000e+03
-4.378000000000000000e+03
-4.935000000000000000e+03
-5.309000000000000000e+03
-3.987000000000000000e+03
-4.770000000000000000e+03
-5.469000000000000000e+03
-1.753000000000000000e+03
-5.339000000000000000e+03
-4.711000000000000000e+03
-2.413000000000000000e+03
-2.633000000000000000e+03
-5.266000000000000000e+03
-4.935000000000000000e+03
-4.832000000000000000e+03
-4.877000000000000000e+03
-2.190000000000000000e+02
-4.964000000000000000e+03
-3.635000000000000000e+03
-3.750000000000000000e+03
-3.159000000000000000e+03
-1.948000000000000000e+03
-4.096000000000000000e+03
-4.192000000000000000e+03
-3.306000000000000000e+03
-4.626000000000000000e+03
-4.524000000000000000e+03
-4.150000000000000000e+03
-4.978000000000000000e+03
-4.982000000000000000e+03
-4.368000000000000000e+03
-4.883000000000000000e+03
-3.422000000000000000e+03
-4.426000000000000000e+03
-4.571000000000000000e+03
-4.365000000000000000e+03
-3.760000000000000000e+03
-3.445000000000000000e+03
-3.140000000000000000e+03
-5.877000000000000000e+03
-5.101000000000000000e+03
-5.327000000000000000e+03
-1.810000000000000000e+02
-3.004000000000000000e+03
-6.600000000000000000e+01
-4.800000000000000000e+03
-4.520000000000000000e+02
-3.246000000000000000e+03
-3.646000000000000000e+03
-3.683000000000000000e+03
-4.346000000000000000e+03
-4.779000000000000000e+03
-2.680000000000000000e+03
-3.000000000000000000e+01
-5.021000000000000000e+03
-5.181000000000000000e+03
-2.474000000000000000e+03
-2.709000000000000000e+03
-4.492000000000000000e+03
-3.789000000000000000e+03
-3.796000000000000000e+03
-3.828000000000000000e+03
-4.247000000000000000e+03
-4.724000000000000000e+03
-5.900000000000000000e+01
-4.568000000000000000e+03
-5.704000000000000000e+03
-6.000000000000000000e+03
-2.552000000000000000e+03
-5.229000000000000000e+03
-6.000000000000000000e+03
-7.040000000000000000e+02
-5.271000000000000000e+03
-3.986000000000000000e+03
-3.680000000000000000e+03
-3.697000000000000000e+03
-4.332000000000000000e+03
-1.980000000000000000e+02
-5.218000000000000000e+03
-4.020000000000000000e+03
-3.548000000000000000e+03
-3.599000000000000000e+03
-2.204000000000000000e+03
-2.663000000000000000e+03
-3.992000000000000000e+03
-4.116000000000000000e+03
-4.424000000000000000e+03
-4.117000000000000000e+03
-4.367000000000000000e+03
-5.108000000000000000e+03
-5.173000000000000000e+03
-4.886000000000000000e+03
-3.092000000000000000e+03
-4.547000000000000000e+03
-4.277000000000000000e+03
-3.387000000000000000e+03
-3.534000000000000000e+03
-4.813000000000000000e+03
-1.470000000000000000e+02
-1.100000000000000000e+02
-4.790000000000000000e+02
-5.340000000000000000e+03
-5.391000000000000000e+03
-5.021000000000000000e+03
-5.267000000000000000e+03
-5.700000000000000000e+02
-6.000000000000000000e+02
-5.300000000000000000e+01
-8.200000000000000000e+01
-7.570000000000000000e+02
-6.170000000000000000e+02
-8.210000000000000000e+02
-5.150000000000000000e+02
-2.270000000000000000e+02
-4.663000000000000000e+03
-2.539000000000000000e+03
-3.428000000000000000e+03
-2.177000000000000000e+03
-3.823000000000000000e+03
-4.483000000000000000e+03
-4.271000000000000000e+03
-4.649000000000000000e+03
-3.990000000000000000e+02
-3.000000000000000000e+01
-4.964000000000000000e+03
-5.103000000000000000e+03
-4.613000000000000000e+03
-6.000000000000000000e+03
-4.589000000000000000e+03
-2.661000000000000000e+03
-3.322000000000000000e+03
-3.787000000000000000e+03
-3.800000000000000000e+01
-3.124000000000000000e+03
-4.891000000000000000e+03
-5.034000000000000000e+03
-5.817000000000000000e+03
-1.190000000000000000e+03
-5.327000000000000000e+03
-5.565000000000000000e+03
-5.459000000000000000e+03
-4.559000000000000000e+03
-2.488000000000000000e+03
-4.106000000000000000e+03
-2.349000000000000000e+03
-4.768000000000000000e+03
-2.198000000000000000e+03
-3.890000000000000000e+03
-3.035000000000000000e+03
-3.160000000000000000e+02
-2.140000000000000000e+02
-3.402000000000000000e+03
-4.307000000000000000e+03
-2.876000000000000000e+03
-3.949000000000000000e+03
-3.730000000000000000e+03
-4.534000000000000000e+03
-3.322000000000000000e+03
-3.848000000000000000e+03
-4.868000000000000000e+03
-5.154000000000000000e+03
-5.147000000000000000e+03
-3.862000000000000000e+03
-3.694000000000000000e+03
-4.142000000000000000e+03
-2.967000000000000000e+03
-3.673000000000000000e+03
-5.615000000000000000e+03
-5.376000000000000000e+03
-7.270000000000000000e+02
-9.900000000000000000e+01
-6.000000000000000000e+01
-4.380000000000000000e+02
-7.160000000000000000e+02
-5.270000000000000000e+02
-4.070000000000000000e+02
-4.960000000000000000e+02
-5.496000000000000000e+03
-3.884000000000000000e+03
-4.939000000000000000e+03
-6.000000000000000000e+03
-5.617000000000000000e+03
-4.250000000000000000e+02
-5.790000000000000000e+02
-6.250000000000000000e+02
-4.380000000000000000e+02
-5.990000000000000000e+02
-6.380000000000000000e+02
-3.920000000000000000e+02
-6.020000000000000000e+02
-5.950000000000000000e+02
-2.786000000000000000e+03
-3.656000000000000000e+03
-4.150000000000000000e+03
-2.539000000000000000e+03
-3.000000000000000000e+01
-1.470000000000000000e+02
-4.520000000000000000e+03
-3.784000000000000000e+03
-4.934000000000000000e+03
-2.455000000000000000e+03
-4.144000000000000000e+03
-4.756000000000000000e+03
-4.447000000000000000e+03
-6.840000000000000000e+02
-3.090000000000000000e+02
-3.000000000000000000e+01
-5.039000000000000000e+03
-5.070000000000000000e+03
-4.286000000000000000e+03
-4.426000000000000000e+03
-3.456000000000000000e+03
-3.860000000000000000e+03
-2.580000000000000000e+03
-4.293000000000000000e+03
-3.453000000000000000e+03
-3.000000000000000000e+01
-3.846000000000000000e+03
-5.753000000000000000e+03
-5.636000000000000000e+03
-5.700000000000000000e+01
-4.100000000000000000e+03
-2.949000000000000000e+03
-4.540000000000000000e+03
-1.014000000000000000e+03
-5.357000000000000000e+03
-1.892000000000000000e+03
-1.498000000000000000e+03
-2.073000000000000000e+03
-1.770000000000000000e+02
-3.155000000000000000e+03
-5.306000000000000000e+03
-2.931000000000000000e+03
-3.572000000000000000e+03
-3.797000000000000000e+03
-3.750000000000000000e+03
-4.574000000000000000e+03
-3.524000000000000000e+03
-4.425000000000000000e+03
-3.676000000000000000e+03
-2.872000000000000000e+03
-5.031000000000000000e+03
-4.741000000000000000e+03
-4.510000000000000000e+03
-4.713000000000000000e+03
-4.723000000000000000e+03
-4.843000000000000000e+03
-5.375000000000000000e+03
-5.346000000000000000e+03
-3.969000000000000000e+03
-3.588000000000000000e+03
-3.799000000000000000e+03
-3.836000000000000000e+03
-3.477000000000000000e+03
-3.503000000000000000e+03
-2.393000000000000000e+03
-7.580000000000000000e+02
-5.380000000000000000e+02
-2.653000000000000000e+03
-1.111000000000000000e+03
-3.145000000000000000e+03
-1.324000000000000000e+03
-3.964000000000000000e+03
-5.254000000000000000e+03
-4.270000000000000000e+02
-4.820000000000000000e+02
-4.120000000000000000e+02
-5.270000000000000000e+02
-5.640000000000000000e+02
-3.980000000000000000e+02
-4.850000000000000000e+02
-6.680000000000000000e+02
-3.000000000000000000e+01
-8.400000000000000000e+01
-1.095000000000000000e+03
-3.793000000000000000e+03
-4.537000000000000000e+03
-3.610000000000000000e+03
-4.108000000000000000e+03
-6.600000000000000000e+01
-4.444000000000000000e+03
-3.511000000000000000e+03
-2.550000000000000000e+03
-3.000000000000000000e+01
-6.580000000000000000e+02
-3.000000000000000000e+01
-3.000000000000000000e+01
-4.850000000000000000e+03
-4.954000000000000000e+03
-5.080000000000000000e+03
-4.880000000000000000e+03
-3.344000000000000000e+03
-4.163000000000000000e+03
-4.595000000000000000e+03
-4.030000000000000000e+02
-3.000000000000000000e+01
-4.631000000000000000e+03
-5.109000000000000000e+03
-4.639000000000000000e+03
-3.572000000000000000e+03
-4.955000000000000000e+03
-3.909000000000000000e+03
-2.581000000000000000e+03
-5.300000000000000000e+01
-1.210000000000000000e+02
-4.929000000000000000e+03
-4.475000000000000000e+03
-6.000000000000000000e+03
-3.598000000000000000e+03
-4.310000000000000000e+03
-3.068000000000000000e+03
-3.056000000000000000e+03
-2.560000000000000000e+03
-8.890000000000000000e+02
-2.867000000000000000e+03
-5.635000000000000000e+03
-1.579000000000000000e+03
-5.299000000000000000e+03
-4.360000000000000000e+03
-4.189000000000000000e+03
-4.256000000000000000e+03
-4.462000000000000000e+03
-5.116000000000000000e+03
-3.701000000000000000e+03
-4.897000000000000000e+03
-3.504000000000000000e+03
-4.431000000000000000e+03
-5.015000000000000000e+03
-5.430000000000000000e+03
-5.291000000000000000e+03
-5.130000000000000000e+03
-5.312000000000000000e+03
-4.235000000000000000e+03
-4.190000000000000000e+03
-3.785000000000000000e+03
-4.207000000000000000e+03
-3.949000000000000000e+03
-3.713000000000000000e+03
-3.511000000000000000e+03
-2.496000000000000000e+03
-1.915000000000000000e+03
-3.139000000000000000e+03
-4.434000000000000000e+03
-3.781000000000000000e+03
-6.000000000000000000e+03
-2.136000000000000000e+03
-5.639000000000000000e+03
-4.960000000000000000e+02
-4.320000000000000000e+02
-3.820000000000000000e+02
-5.910000000000000000e+02
-3.900000000000000000e+02
-5.490000000000000000e+02
-7.540000000000000000e+02
-2.418000000000000000e+03
-4.854000000000000000e+03
-5.102000000000000000e+03
-4.969000000000000000e+03
-3.553000000000000000e+03
-4.537000000000000000e+03
-4.202000000000000000e+03
-4.420000000000000000e+03
-4.300000000000000000e+01
-4.563000000000000000e+03
-2.601000000000000000e+03
-3.122000000000000000e+03
-3.000000000000000000e+01
-3.307000000000000000e+03
-2.917000000000000000e+03
-7.600000000000000000e+01
-3.783000000000000000e+03
-2.140000000000000000e+03
-3.612000000000000000e+03
-5.500000000000000000e+01
-4.641000000000000000e+03
-9.200000000000000000e+01
-4.989000000000000000e+03
-5.180000000000000000e+03
-4.893000000000000000e+03
-4.853000000000000000e+03
-4.725000000000000000e+03
-3.022000000000000000e+03
-4.109000000000000000e+03
-3.000000000000000000e+01
-4.829000000000000000e+03
-5.308000000000000000e+03
-3.048000000000000000e+03
-3.586000000000000000e+03
-3.437000000000000000e+03
-5.124000000000000000e+03
-2.357000000000000000e+03
-4.755000000000000000e+03
-3.987000000000000000e+03
-4.460000000000000000e+03
-8.670000000000000000e+02
-3.474000000000000000e+03
-4.451000000000000000e+03
-2.465000000000000000e+03
-4.103000000000000000e+03
-3.730000000000000000e+02
-5.180000000000000000e+03
-4.358000000000000000e+03
-4.338000000000000000e+03
-4.582000000000000000e+03
-4.412000000000000000e+03
-4.831000000000000000e+03
-4.965000000000000000e+03
-4.240000000000000000e+03
-4.458000000000000000e+03
-3.409000000000000000e+03
-4.745000000000000000e+03
-5.228000000000000000e+03
-5.126000000000000000e+03
-3.208000000000000000e+03
-4.060000000000000000e+03
-4.012000000000000000e+03
-4.195000000000000000e+03
-5.810000000000000000e+02
-3.909000000000000000e+03
-3.834000000000000000e+03
-2.814000000000000000e+03
-4.066000000000000000e+03
-4.099000000000000000e+03
-3.682000000000000000e+03
-3.577000000000000000e+03
-3.664000000000000000e+03
-2.268000000000000000e+03
-2.454000000000000000e+03
-8.420000000000000000e+02
-5.043000000000000000e+03
-4.062000000000000000e+03
-4.010000000000000000e+02
-4.010000000000000000e+02
-4.890000000000000000e+02
-4.000000000000000000e+02
-7.380000000000000000e+02
-1.360000000000000000e+02
-3.030000000000000000e+03
-3.000000000000000000e+01
-5.049000000000000000e+03
-4.416000000000000000e+03
-4.578000000000000000e+03
-2.829000000000000000e+03
-4.189000000000000000e+03
-3.973000000000000000e+03
-3.000000000000000000e+01
-3.266000000000000000e+03
-2.812000000000000000e+03
-4.400000000000000000e+01
-3.000000000000000000e+01
-3.314000000000000000e+03
-1.240000000000000000e+02
-3.519000000000000000e+03
-4.053000000000000000e+03
-4.140000000000000000e+03
-2.896000000000000000e+03
-5.146000000000000000e+03
-3.000000000000000000e+01
-3.741000000000000000e+03
-4.580000000000000000e+02
-4.724000000000000000e+03
-2.378000000000000000e+03
-4.603000000000000000e+03
-5.158000000000000000e+03
-3.190000000000000000e+03
-4.898000000000000000e+03
-4.661000000000000000e+03
-4.571000000000000000e+03
-3.000000000000000000e+01
-4.208000000000000000e+03
-5.311000000000000000e+03
-2.952000000000000000e+03
-4.816000000000000000e+03
-2.217000000000000000e+03
-7.700000000000000000e+02
-2.444000000000000000e+03
-1.240000000000000000e+02
-1.215000000000000000e+03
-3.487000000000000000e+03
-2.802000000000000000e+03
-4.492000000000000000e+03
-3.165000000000000000e+03
-1.384000000000000000e+03
-4.201000000000000000e+03
-4.348000000000000000e+03
-4.369000000000000000e+03
-4.208000000000000000e+03
-4.081000000000000000e+03
-4.905000000000000000e+03
-3.378000000000000000e+03
-3.412000000000000000e+03
-4.479000000000000000e+03
-4.889000000000000000e+03
-5.157000000000000000e+03
-4.278000000000000000e+03
-5.710000000000000000e+02
-4.271000000000000000e+03
-9.040000000000000000e+02
-4.192000000000000000e+03
-3.771000000000000000e+03
-1.906000000000000000e+03
-3.363000000000000000e+03
-1.226000000000000000e+03
-2.845000000000000000e+03
-2.112000000000000000e+03
-3.000000000000000000e+01
-2.933000000000000000e+03
-2.944000000000000000e+03
-5.160000000000000000e+02
-5.980000000000000000e+02
-1.961000000000000000e+03
-4.080000000000000000e+02
-6.870000000000000000e+02
-2.450000000000000000e+02
-1.213000000000000000e+03
-1.900000000000000000e+02
-2.334000000000000000e+03
-4.607000000000000000e+03
-3.393000000000000000e+03
-4.081000000000000000e+03
-2.665000000000000000e+03
-4.721000000000000000e+03
-3.584000000000000000e+03
-4.710000000000000000e+03
-4.930000000000000000e+03
-3.853000000000000000e+03
-1.925000000000000000e+03
-4.428000000000000000e+03
-4.267000000000000000e+03
-4.454000000000000000e+03
-4.270000000000000000e+03
-3.399000000000000000e+03
-4.349000000000000000e+03
-5.137000000000000000e+03
-1.985000000000000000e+03
-4.945000000000000000e+03
-3.569000000000000000e+03
-3.951000000000000000e+03
-4.841000000000000000e+03
-4.791000000000000000e+03
-5.128000000000000000e+03
-4.197000000000000000e+03
-4.305000000000000000e+03
-4.214000000000000000e+03
-3.656000000000000000e+03
-3.000000000000000000e+01
-3.210000000000000000e+03
-5.183000000000000000e+03
-5.123000000000000000e+03
-3.000000000000000000e+01
-3.626000000000000000e+03
-1.025000000000000000e+03
-1.334000000000000000e+03
-2.375000000000000000e+03
-1.683000000000000000e+03
-2.726000000000000000e+03
-4.280000000000000000e+02
-4.857000000000000000e+03
-4.135000000000000000e+03
-4.251000000000000000e+03
-3.795000000000000000e+03
-3.105000000000000000e+03
-4.735000000000000000e+03
-3.394000000000000000e+03
-4.664000000000000000e+03
-5.250000000000000000e+03
-4.072000000000000000e+03
-1.885000000000000000e+03
-4.200000000000000000e+03
-2.919000000000000000e+03
-3.956000000000000000e+03
-2.924000000000000000e+03
-2.641000000000000000e+03
-3.150000000000000000e+02
-1.130000000000000000e+03
-2.101000000000000000e+03
-1.665000000000000000e+03
-9.800000000000000000e+01
-7.410000000000000000e+02
-3.450000000000000000e+02
-2.366000000000000000e+03
-3.940000000000000000e+02
-3.960000000000000000e+02
-5.000000000000000000e+02
-1.835000000000000000e+03
-5.490000000000000000e+02
-8.100000000000000000e+01
-1.848000000000000000e+03
-4.924000000000000000e+03
-4.039000000000000000e+03
-3.905000000000000000e+03
-3.703000000000000000e+03
-1.807000000000000000e+03
-4.371000000000000000e+03
-4.770000000000000000e+02
-4.308000000000000000e+03
-2.015000000000000000e+03
-4.858000000000000000e+03
-2.790000000000000000e+03
-1.009000000000000000e+03
-4.774000000000000000e+03
-4.736000000000000000e+03
-4.739000000000000000e+03
-3.819000000000000000e+03
-1.752000000000000000e+03
-2.802000000000000000e+03
-5.090000000000000000e+03
-5.170000000000000000e+03
-4.870000000000000000e+03
-5.230000000000000000e+03
-4.963000000000000000e+03
-4.203000000000000000e+03
-4.079000000000000000e+03
-5.068000000000000000e+03
-4.570000000000000000e+03
-3.786000000000000000e+03
-3.139000000000000000e+03
-3.000000000000000000e+01
-4.255000000000000000e+03
-5.209000000000000000e+03
-4.819000000000000000e+03
-1.557000000000000000e+03
-1.040000000000000000e+03
-1.145000000000000000e+03
-9.880000000000000000e+02
-5.200000000000000000e+01
-2.394000000000000000e+03
-1.469000000000000000e+03
-3.838000000000000000e+03
-2.030000000000000000e+02
-5.206000000000000000e+03
-4.135000000000000000e+03
-3.851000000000000000e+03
-2.903000000000000000e+03
-3.597000000000000000e+03
-5.031000000000000000e+03
-4.340000000000000000e+03
-5.108000000000000000e+03
-2.700000000000000000e+03
-3.753000000000000000e+03
-2.374000000000000000e+03
-3.966000000000000000e+03
-4.122000000000000000e+03
-1.892000000000000000e+03
-2.268000000000000000e+03
-5.460000000000000000e+02
-1.513000000000000000e+03
-2.764000000000000000e+03
-2.463000000000000000e+03
-8.660000000000000000e+02
-3.600000000000000000e+01
-4.570000000000000000e+03
-2.951000000000000000e+03
-2.276000000000000000e+03
-2.387000000000000000e+03
-5.100000000000000000e+02
-1.485000000000000000e+03
-3.000000000000000000e+02
-5.069000000000000000e+03
-3.247000000000000000e+03
-5.194000000000000000e+03
-3.804000000000000000e+03
-3.653000000000000000e+03
-5.010000000000000000e+03
-3.424000000000000000e+03
-6.350000000000000000e+02
-4.185000000000000000e+03
-4.939000000000000000e+03
-5.185000000000000000e+03
-4.536000000000000000e+03
-5.318000000000000000e+03
-4.471000000000000000e+03
-4.961000000000000000e+03
-4.208000000000000000e+03
-5.572000000000000000e+03
-1.792000000000000000e+03
-4.942000000000000000e+03
-4.277000000000000000e+03
-2.831000000000000000e+03
-1.402000000000000000e+03
-5.427000000000000000e+03
-3.769000000000000000e+03
-5.050000000000000000e+03
-4.711000000000000000e+03
-4.202000000000000000e+03
-3.000000000000000000e+01
-5.338000000000000000e+03
-5.172000000000000000e+03
-5.753000000000000000e+03
-5.819000000000000000e+03
-5.598000000000000000e+03
-5.250000000000000000e+03
-3.619000000000000000e+03
-8.500000000000000000e+01
-2.743000000000000000e+03
-8.900000000000000000e+01
-4.479000000000000000e+03
-3.750000000000000000e+03
-3.297000000000000000e+03
-4.519000000000000000e+03
-5.031000000000000000e+03
-5.478000000000000000e+03
-3.463000000000000000e+03
-3.527000000000000000e+03
-3.377000000000000000e+03
-3.258000000000000000e+03
-4.064000000000000000e+03
-2.982000000000000000e+03
-1.698000000000000000e+03
-4.424000000000000000e+03
-4.819000000000000000e+03
-2.319000000000000000e+03
-1.009000000000000000e+03
-8.500000000000000000e+01
-1.201000000000000000e+03
-1.490000000000000000e+03
-9.220000000000000000e+02
-1.650000000000000000e+02
-3.960000000000000000e+02
-2.579000000000000000e+03
-2.644000000000000000e+03
-2.657000000000000000e+03
-2.010000000000000000e+03
-2.125000000000000000e+03
-3.910000000000000000e+02
-4.810000000000000000e+03
-4.239000000000000000e+03
-5.074000000000000000e+03
-3.280000000000000000e+03
-5.294000000000000000e+03
-4.234000000000000000e+03
-2.849000000000000000e+03
-4.702000000000000000e+03
-5.091000000000000000e+03
-4.849000000000000000e+03
-5.392000000000000000e+03
-4.750000000000000000e+03
-5.762000000000000000e+03
-6.000000000000000000e+03
-5.597000000000000000e+03
-3.648000000000000000e+03
-3.621000000000000000e+03
-3.197000000000000000e+03
-1.891000000000000000e+03
-3.995000000000000000e+03
-5.332000000000000000e+03
-5.216000000000000000e+03
-4.924000000000000000e+03
-4.026000000000000000e+03
-1.850000000000000000e+02
-5.148000000000000000e+03
-4.795000000000000000e+03
-5.585000000000000000e+03
-5.378000000000000000e+03
-2.958000000000000000e+03
-5.687000000000000000e+03
-3.000000000000000000e+01
-8.100000000000000000e+01
-4.656000000000000000e+03
-2.594000000000000000e+03
-3.641000000000000000e+03
-4.827000000000000000e+03
-5.218000000000000000e+03
-5.357000000000000000e+03
-3.499000000000000000e+03
-2.919000000000000000e+03
-2.533000000000000000e+03
-3.635000000000000000e+03
-3.374000000000000000e+03
-3.158000000000000000e+03
-4.983000000000000000e+03
-4.585000000000000000e+03
-4.604000000000000000e+03
-1.252000000000000000e+03
-1.465000000000000000e+03
-3.000000000000000000e+01
-3.067000000000000000e+03
-4.718000000000000000e+03
-3.759000000000000000e+03
-1.796000000000000000e+03
-1.631000000000000000e+03
-2.345000000000000000e+03
-2.443000000000000000e+03
-2.348000000000000000e+03
-2.479000000000000000e+03
-2.690000000000000000e+02
-2.568000000000000000e+03
-4.803000000000000000e+03
-3.561000000000000000e+03
-5.140000000000000000e+03
-4.168000000000000000e+03
-4.046000000000000000e+03
-5.382000000000000000e+03
-5.828000000000000000e+03
-5.490000000000000000e+03
-5.894000000000000000e+03
-5.098000000000000000e+03
-5.032000000000000000e+03
-3.931000000000000000e+03
-4.455000000000000000e+03
-2.662000000000000000e+03
-5.365000000000000000e+03
-5.096000000000000000e+03
-5.276000000000000000e+03
-5.177000000000000000e+03
-5.243000000000000000e+03
-3.652000000000000000e+03
-6.600000000000000000e+01
-4.960000000000000000e+03
-4.511000000000000000e+03
-1.533000000000000000e+03
-2.670000000000000000e+03
-3.000000000000000000e+01
-2.131000000000000000e+03
-4.940000000000000000e+03
-3.646000000000000000e+03
-4.550000000000000000e+03
-5.009000000000000000e+03
-5.060000000000000000e+03
-3.574000000000000000e+03
-2.690000000000000000e+03
-3.198000000000000000e+03
-2.852000000000000000e+03
-2.050000000000000000e+03
-4.973000000000000000e+03
-4.691000000000000000e+03
-4.514000000000000000e+03
-5.340000000000000000e+02
-1.194000000000000000e+03
-6.900000000000000000e+01
-4.741000000000000000e+03
-4.922000000000000000e+03
-4.781000000000000000e+03
-3.032000000000000000e+03
-2.718000000000000000e+03
-5.730000000000000000e+02
-2.612000000000000000e+03
-2.404000000000000000e+03
-2.463000000000000000e+03
-1.839000000000000000e+03
-3.720000000000000000e+02
-5.176000000000000000e+03
-4.645000000000000000e+03
-4.434000000000000000e+03
-4.681000000000000000e+03
-3.369000000000000000e+03
-4.687000000000000000e+03
-5.104000000000000000e+03
-5.186000000000000000e+03
-4.978000000000000000e+03
-4.601000000000000000e+03
-3.569000000000000000e+03
-4.753000000000000000e+03
-4.528000000000000000e+03
-4.405000000000000000e+03
-4.889000000000000000e+03
-4.929000000000000000e+03
-4.647000000000000000e+03
-5.115000000000000000e+03
-4.945000000000000000e+03
-4.653000000000000000e+03
-3.720000000000000000e+02
-4.399000000000000000e+03
-5.575000000000000000e+03
-3.000000000000000000e+01
-3.746000000000000000e+03
-5.310000000000000000e+02
-3.712000000000000000e+03
-5.308000000000000000e+03
-4.432000000000000000e+03
-5.154000000000000000e+03
-2.927000000000000000e+03
-2.627000000000000000e+03
-2.845000000000000000e+03
-1.920000000000000000e+03
-4.533000000000000000e+03
-3.900000000000000000e+03
-6.120000000000000000e+02
-6.760000000000000000e+02
-5.094000000000000000e+03
-4.574000000000000000e+03
-4.631000000000000000e+03
-4.307000000000000000e+03
-3.349000000000000000e+03
-1.910000000000000000e+02
-2.642000000000000000e+03
-2.438000000000000000e+03
-2.355000000000000000e+03
-2.011000000000000000e+03
-2.880000000000000000e+02
-5.023000000000000000e+03
-4.282000000000000000e+03
-3.683000000000000000e+03
-4.342000000000000000e+03
-4.218000000000000000e+03
-5.084000000000000000e+03
-2.267000000000000000e+03
-4.754000000000000000e+03
-1.889000000000000000e+03
-4.339000000000000000e+03
-4.729000000000000000e+03
-3.041000000000000000e+03
-4.813000000000000000e+03
-4.575000000000000000e+03
-4.580000000000000000e+03
-3.875000000000000000e+03
-4.712000000000000000e+03
-4.140000000000000000e+02
-5.236000000000000000e+03
-2.130000000000000000e+02
-6.000000000000000000e+01
-4.000000000000000000e+01
-2.068000000000000000e+03
-1.158000000000000000e+03
-3.723000000000000000e+03
-5.417000000000000000e+03
-4.772000000000000000e+03
-2.761000000000000000e+03
-3.196000000000000000e+03
-1.860000000000000000e+03
-2.763000000000000000e+03
-4.541000000000000000e+03
-4.415000000000000000e+03
-4.850000000000000000e+02
-4.996000000000000000e+03
-4.675000000000000000e+03
-4.797000000000000000e+03
-4.116000000000000000e+03
-2.312000000000000000e+03
-1.105000000000000000e+03
-2.562000000000000000e+03
-2.847000000000000000e+03
-2.304000000000000000e+03
-2.122000000000000000e+03
-1.846000000000000000e+03
-7.590000000000000000e+02
-5.039000000000000000e+03
-3.961000000000000000e+03
-2.996000000000000000e+03
-2.654000000000000000e+03
-3.832000000000000000e+03
-5.492000000000000000e+03
-4.430000000000000000e+03
-4.405000000000000000e+03
-1.098000000000000000e+03
-3.815000000000000000e+03
-3.800000000000000000e+02
-4.570000000000000000e+03
-4.386000000000000000e+03
-4.268000000000000000e+03
-4.223000000000000000e+03
-4.400000000000000000e+01
-2.560000000000000000e+03
-9.500000000000000000e+01
-1.720000000000000000e+02
-4.805000000000000000e+03
-4.600000000000000000e+01
-5.148000000000000000e+03
-5.572000000000000000e+03
-5.463000000000000000e+03
-1.179000000000000000e+03
-4.792000000000000000e+03
-5.600000000000000000e+01
-3.456000000000000000e+03
-2.306000000000000000e+03
-3.699000000000000000e+03
-4.256000000000000000e+03
-5.115000000000000000e+03
-1.202000000000000000e+03
-2.873000000000000000e+03
-2.437000000000000000e+03
-2.922000000000000000e+03
-4.587000000000000000e+03
-4.700000000000000000e+03
-4.320000000000000000e+03
-4.668000000000000000e+03
-4.832000000000000000e+03
-4.130000000000000000e+03
-4.661000000000000000e+03
-2.985000000000000000e+03
-2.611000000000000000e+03
-2.269000000000000000e+03
-2.406000000000000000e+03
-1.591000000000000000e+03
-3.240000000000000000e+02
-4.849000000000000000e+03
-3.391000000000000000e+03
-3.357000000000000000e+03
-3.270000000000000000e+03
-4.536000000000000000e+03
-4.012000000000000000e+03
-3.630000000000000000e+03
-2.900000000000000000e+03
-2.280000000000000000e+03
-3.602000000000000000e+03
-3.657000000000000000e+03
-4.031000000000000000e+03
-3.270000000000000000e+03
-2.682000000000000000e+03
-4.630000000000000000e+02
-5.246000000000000000e+03
-5.040000000000000000e+03
-5.238000000000000000e+03
-5.350000000000000000e+03
-4.542000000000000000e+03
-4.552000000000000000e+03
-5.645000000000000000e+03
-5.542000000000000000e+03
-5.450000000000000000e+03
-5.275000000000000000e+03
-4.962000000000000000e+03
-4.698000000000000000e+03
-4.808000000000000000e+03
-4.862000000000000000e+03
-2.499000000000000000e+03
-2.984000000000000000e+03
-4.645000000000000000e+03
-3.414000000000000000e+03
-4.486000000000000000e+03
-2.735000000000000000e+03
-2.801000000000000000e+03
-3.024000000000000000e+03
-4.717000000000000000e+03
-1.891000000000000000e+03
-4.250000000000000000e+03
-4.714000000000000000e+03
-4.333000000000000000e+03
-4.213000000000000000e+03
-2.489000000000000000e+03
-3.310000000000000000e+03
-3.490000000000000000e+02
-3.770000000000000000e+02
-4.670000000000000000e+02
-5.300000000000000000e+02
-3.470000000000000000e+02
-8.920000000000000000e+02
-4.239000000000000000e+03
-4.103000000000000000e+03
-3.336000000000000000e+03
-3.222000000000000000e+03
-4.014000000000000000e+03
-4.460000000000000000e+03
-1.081000000000000000e+03
-4.742000000000000000e+03
-3.381000000000000000e+03
-3.576000000000000000e+03
-3.690000000000000000e+03
-3.828000000000000000e+03
-1.581000000000000000e+03
-3.450000000000000000e+02
-4.793000000000000000e+03
-5.310000000000000000e+03
-4.855000000000000000e+03
-4.979000000000000000e+03
-4.352000000000000000e+03
-4.385000000000000000e+03
-5.115000000000000000e+03
-5.282000000000000000e+03
-4.955000000000000000e+03
-4.588000000000000000e+03
-4.757000000000000000e+03
-4.614000000000000000e+03
-2.385000000000000000e+03
-4.550000000000000000e+03
-2.286000000000000000e+03
-2.735000000000000000e+03
-2.190000000000000000e+03
-3.247000000000000000e+03
-4.184000000000000000e+03
-4.334000000000000000e+03
-4.245000000000000000e+03
-4.368000000000000000e+03
-3.811000000000000000e+03
-1.529000000000000000e+03
-2.306000000000000000e+03
-3.393000000000000000e+03
-5.010000000000000000e+02
-5.480000000000000000e+02
-3.200000000000000000e+02
-7.610000000000000000e+02
-7.560000000000000000e+02
-3.762000000000000000e+03
-4.065000000000000000e+03
-4.248000000000000000e+03
-3.310000000000000000e+03
-3.133000000000000000e+03
-4.660000000000000000e+03
-1.598000000000000000e+03
-4.544000000000000000e+03
-2.205000000000000000e+03
-3.345000000000000000e+03
-3.469000000000000000e+03
-3.682000000000000000e+03
-1.598000000000000000e+03
-7.010000000000000000e+02
-4.285000000000000000e+03
-4.450000000000000000e+03
-4.948000000000000000e+03
-4.643000000000000000e+03
-4.001000000000000000e+03
-4.184000000000000000e+03
-4.816000000000000000e+03
-4.816000000000000000e+03
-4.434000000000000000e+03
-4.101000000000000000e+03
-4.099000000000000000e+03
-4.024000000000000000e+03
-3.769000000000000000e+03
-3.212000000000000000e+03
-2.837000000000000000e+03
-3.595000000000000000e+03
-4.440000000000000000e+03
-3.772000000000000000e+03
-3.875000000000000000e+03
-3.643000000000000000e+03
-4.130000000000000000e+02
-3.795000000000000000e+03
-2.993000000000000000e+03
-3.594000000000000000e+03
-6.140000000000000000e+02
-5.410000000000000000e+02
-6.870000000000000000e+02
-4.930000000000000000e+02
-3.344000000000000000e+03
-3.967000000000000000e+03
-3.661000000000000000e+03
-4.458000000000000000e+03
-3.654000000000000000e+03
-4.152000000000000000e+03
-3.723000000000000000e+03
-2.656000000000000000e+03
-3.448000000000000000e+03
-4.450000000000000000e+02
-4.243000000000000000e+03
-4.513000000000000000e+03
-4.248000000000000000e+03
-4.533000000000000000e+03
-3.647000000000000000e+03
-3.865000000000000000e+03
-4.497000000000000000e+03
-4.151000000000000000e+03
-3.655000000000000000e+03
-3.172000000000000000e+03
-3.583000000000000000e+03
-2.826000000000000000e+03
-3.926000000000000000e+03
-3.457000000000000000e+03
-3.150000000000000000e+03
-3.131000000000000000e+03
-3.230000000000000000e+03
-4.113000000000000000e+03
-3.879000000000000000e+03
-1.606000000000000000e+03
-3.611000000000000000e+03
-3.263000000000000000e+03
-4.850000000000000000e+02
-2.200000000000000000e+02
-5.090000000000000000e+02
-5.990000000000000000e+02
-3.608000000000000000e+03
-3.922000000000000000e+03
-4.328000000000000000e+03
-4.189000000000000000e+03
-3.846000000000000000e+03
-3.609000000000000000e+03
-3.347000000000000000e+03
-1.050000000000000000e+02
-4.414000000000000000e+03
-4.354000000000000000e+03
-4.148000000000000000e+03
-3.482000000000000000e+03
-3.570000000000000000e+03
-3.882000000000000000e+03
-3.218000000000000000e+03
-3.301000000000000000e+03
-2.580000000000000000e+03
-3.596000000000000000e+03
-3.805000000000000000e+03
-3.190000000000000000e+03
-3.568000000000000000e+03
-4.111000000000000000e+03
-3.911000000000000000e+03
-3.751000000000000000e+03
-3.285000000000000000e+03
-1.331000000000000000e+03
-3.038000000000000000e+03
-8.260000000000000000e+02
-3.600000000000000000e+02
-2.180000000000000000e+02
-2.490000000000000000e+03
-3.697000000000000000e+03
-4.185000000000000000e+03
-4.433000000000000000e+03
-4.441000000000000000e+03
-2.980000000000000000e+03
-3.584000000000000000e+03
-2.877000000000000000e+03
-1.677000000000000000e+03
-5.820000000000000000e+02
-4.569000000000000000e+03
-4.180000000000000000e+03
-4.142000000000000000e+03
-4.601000000000000000e+03
-3.911000000000000000e+03
-3.764000000000000000e+03
-4.112000000000000000e+03
-4.267000000000000000e+03
-3.954000000000000000e+03
-4.177000000000000000e+03
-3.811000000000000000e+03
-3.695000000000000000e+03
-3.252000000000000000e+03
-2.586000000000000000e+03
-3.050000000000000000e+02
-1.370000000000000000e+02
-4.880000000000000000e+02
-4.508000000000000000e+03
-4.529000000000000000e+03
-4.336000000000000000e+03
-4.274000000000000000e+03
-4.301000000000000000e+03
-1.548000000000000000e+03
-1.162000000000000000e+03
-3.180000000000000000e+02
-3.327000000000000000e+03
-4.318000000000000000e+03
-4.576000000000000000e+03
-4.738000000000000000e+03
-4.554000000000000000e+03
-4.358000000000000000e+03
-4.591000000000000000e+03
-4.396000000000000000e+03
-4.061000000000000000e+03
-3.876000000000000000e+03
-3.161000000000000000e+03
-3.473000000000000000e+03
-2.345000000000000000e+03
-7.100000000000000000e+02
-3.380000000000000000e+02
-4.506000000000000000e+03
-4.311000000000000000e+03
-3.770000000000000000e+03
-4.094000000000000000e+03
-3.717000000000000000e+03
-1.559000000000000000e+03
-1.310000000000000000e+02
-3.126000000000000000e+03
-4.797000000000000000e+03
-4.524000000000000000e+03
-4.740000000000000000e+03
-4.654000000000000000e+03
-4.631000000000000000e+03
-4.532000000000000000e+03
-4.570000000000000000e+03
-4.436000000000000000e+03
-3.771000000000000000e+03
-2.848000000000000000e+03
-2.082000000000000000e+03
-2.581000000000000000e+03
-4.200000000000000000e+02
-4.900000000000000000e+02
-4.314000000000000000e+03
-3.825000000000000000e+03
-3.306000000000000000e+03
-3.421000000000000000e+03
-3.493000000000000000e+03
-3.240000000000000000e+02
-2.116000000000000000e+03
-4.490000000000000000e+03
-4.260000000000000000e+03
-4.459000000000000000e+03
-4.489000000000000000e+03
-4.325000000000000000e+03
-4.117000000000000000e+03
-2.430000000000000000e+03
-1.520000000000000000e+03
-4.180000000000000000e+02
-6.150000000000000000e+02
-5.620000000000000000e+02
-3.871000000000000000e+03
-2.863000000000000000e+03
-2.358000000000000000e+03
-2.730000000000000000e+03
-2.102000000000000000e+03
-4.930000000000000000e+02
-4.210000000000000000e+03
-3.807000000000000000e+03
-4.135000000000000000e+03
-4.224000000000000000e+03
-4.013000000000000000e+03
-2.623000000000000000e+03
-3.910000000000000000e+02
-4.370000000000000000e+02
-7.900000000000000000e+01
-3.401000000000000000e+03
-2.393000000000000000e+03
-9.950000000000000000e+02
-6.430000000000000000e+02
-1.200000000000000000e+02
-3.777000000000000000e+03
-3.368000000000000000e+03
-3.815000000000000000e+03
-2.339000000000000000e+03
-2.848000000000000000e+03
-3.210000000000000000e+02
-1.920000000000000000e+02
-2.824000000000000000e+03
-7.560000000000000000e+02
-6.900000000000000000e+01
-2.863000000000000000e+03
-2.607000000000000000e+03
-2.720000000000000000e+03
-9.900000000000000000e+02
-5.260000000000000000e+02
-4.890000000000000000e+02
-3.960000000000000000e+02
-3.230000000000000000e+02
-1.200000000000000000e+03
-8.500000000000000000e+02
-5.600000000000000000e+02
-1.210000000000000000e+02
-2.090000000000000000e+02
