-6.060118343211667735e+01
-6.073013729533661120e+01
-6.215271309847489789e+01
-6.071113565396638023e+01
-6.203355739963074456e+01
-5.997365464133806512e+01
-6.367948460040233982e+01
-6.555325330712696541e+01
-6.174252914452858931e+01
-5.993923655412631746e+01
-5.940114682187631701e+01
-5.946823130729503504e+01
-5.821075823694217632e+01
-6.387231022214126597e+01
-6.586973780438592030e+01
-6.148142497659691230e+01
-6.310803874884216924e+01
-6.073873972349919370e+01
-5.876155166834754340e+01
-6.178981891813536720e+01
-6.347574710723097269e+01
-6.776430445957163329e+01
-6.726112872290164546e+01
-6.525722976404308895e+01
-6.033217483451839769e+01
-6.009999838999614497e+01
-5.913221536694105396e+01
-5.867966241363416202e+01
-5.768328050922539774e+01
-6.133889165762615647e+01
-1.758745529621867121e+01
-1.934529055900951988e+01
-2.019357296206233698e+01
-2.136001503987116834e+01
-2.207319052081402333e+01
-1.736151156107053950e+01
-1.931799287340761495e+01
-6.999813369109311623e+01
-6.832727687269900230e+01
-7.053218894621207369e+01
-6.494930730460527002e+01
-6.690793933882311251e+01
-6.249866673689177077e+01
-6.412092479556571334e+01
-6.169274960253301288e+01
-6.022711559482696231e+01
-6.331381595890521652e+01
-6.216834466818350080e+01
-6.935721976618040685e+01
-7.112744341446600060e+01
-6.732222022853079579e+01
-6.906911105084707003e+01
-6.533027788392872992e+01
-6.117824881220739996e+01
-5.973240335906534426e+01
-5.887004915743248290e+01
-5.879424750906417785e+01
-5.795152351181296524e+01
-5.707284994674455447e+01
-6.024228204186822921e+01
-2.218845996075339144e+01
-1.586438202425178723e+01
-1.619001083753995829e+01
-1.759438493433190942e+01
-1.649926910172652939e+01
-1.833529365874770534e+01
-1.915101280610641510e+01
-1.988412702656892606e+01
-2.039143118390999732e+01
-2.041905733794133582e+01
-1.369007246743336381e+01
-1.555609812291981520e+01
-1.512471633217517208e+01
-1.703615704504948525e+01
-1.922607966723235151e+01
-7.213175017041686488e+01
-7.314182769213320512e+01
-7.257645954617267137e+01
-7.093057957796399648e+01
-6.906678918950611035e+01
-6.594874214871947515e+01
-6.772556442936608789e+01
-6.332472027097351486e+01
-6.515781918723486399e+01
-6.230211008126537564e+01
-6.403555899875814816e+01
-6.306650357005192831e+01
-6.719724945064430699e+01
-7.099371296265380238e+01
-6.923465467873387524e+01
-7.370662980835196265e+01
-6.590967230377823682e+01
-6.196829474547573113e+01
-6.017436909712885296e+01
-5.952492509058239278e+01
-5.864203079190131263e+01
-5.760468241315948035e+01
-5.775217881603068548e+01
-5.640393977596956177e+01
-5.873347563218979417e+01
-2.219964386377941423e+01
-1.411617983212980221e+01
-1.183922193489010688e+01
-1.453087349186586685e+01
-1.699775659588802057e+01
-1.502580100361023518e+01
-1.612472301142804199e+01
-1.772265243003462487e+01
-1.839998583170255486e+01
-1.906496172182633586e+01
-2.049701918946326984e+01
-1.911205504857438697e+01
-1.395997446706005185e+01
-1.184501159493878220e+01
-9.169413637549679308e+00
-1.469661786563876760e+01
-1.669859986426849829e+01
-1.592903746004689580e+01
-1.873978948129948918e+01
-7.455296395710688273e+01
-7.603577340503878190e+01
-7.303750004879285029e+01
-7.469716534984219436e+01
-7.931578483777300903e+01
-8.392536390783503464e+01
-8.960624630163768245e+01
-7.179669957624243182e+01
-6.950549034505731072e+01
-6.703664940953331097e+01
-6.486664196081511591e+01
-6.483828106160760285e+01
-6.285967932750170206e+01
-6.401051696467952468e+01
-6.818938323457429362e+01
-7.118825262689797739e+01
-6.652996112988135735e+01
-6.099135010920648625e+01
-5.944588035389966763e+01
-5.876972304228311117e+01
-5.836013092045262596e+01
-5.726986468905379013e+01
-5.613123913992951941e+01
-5.760850675204103055e+01
-2.077975036732359015e+01
-2.266704530118067140e+01
-1.585353457539528721e+00
-1.242638370677515347e+01
-6.049312385032280304e+00
-9.609225090143072023e+00
-1.326632478783553104e+01
-1.596130875541542871e+01
-1.467988222716304669e+01
-1.666690055201970821e+01
-1.744741423375804956e+01
-1.918970043817176574e+01
-1.783684438487878765e+01
-1.935483337509499435e+01
-1.237606688766497065e+01
-9.697953790332425328e+00
-6.433100333641435853e+00
-3.121946938813383809e+00
2.008428956279842748e+00
4.296223806697703207e-01
-1.361480188675371927e+01
-1.275836392856624713e+01
-1.550625874935786719e+01
-1.659148929747843937e+01
-1.848182658124756017e+01
-7.308312648283532553e+01
-7.727379528708085843e+01
-7.432047258876281148e+01
-7.631841346675524562e+01
-8.085717302045227939e+01
-8.496344730958654168e+01
-8.762841306827483834e+01
-7.092507145620932363e+01
-6.814203341536486391e+01
-6.164675960164653645e+01
-6.328153144741089875e+01
-6.591401090529427620e+01
-6.480767126790698285e+01
-6.870354444660847548e+01
-5.993196166673636327e+01
-5.835382606674168215e+01
-5.780982132363421044e+01
-5.739553215668652086e+01
-5.677947172283345623e+01
-5.590555006151729600e+01
-2.137520651965575169e+01
-2.005919971285147696e+01
-2.322498385195396153e+01
1.070721288493077239e+00
-3.722303879845942909e+00
-1.082545493609698362e+01
-7.632000119315948794e+00
-1.258024333324005717e+01
-1.430861908871636778e+01
-1.513166494831097353e+01
-1.604537047265467109e+01
-1.745774906924798486e+01
-1.847567509622238191e+01
4.799972381414975509e+00
-1.053233499524194805e+01
-7.021368871059922689e+00
-3.113736339690192256e+00
4.968825464122963886e+00
6.211965017032810010e-01
3.715673767361661994e+00
-1.119597723376163678e+01
-1.396851679928288625e+01
-1.484342165069567621e+01
-1.672394579069824516e+01
-1.853597527035678638e+01
-1.253670625415757023e+01
-7.475940482483041194e+01
-7.307600242552709346e+01
-7.888055103835912973e+01
-7.656442377809628397e+01
-8.225707571518046279e+01
-7.024330670611657013e+01
-6.110782401429344901e+01
-6.284647049277283770e+01
-6.468808011330273189e+01
-6.710724012019554152e+01
-5.987414097409223501e+01
-5.875480482074344479e+01
-5.748260475233860944e+01
-5.668895425256364007e+01
-5.636187651175990254e+01
-5.517241717314283278e+01
-2.129332924075882971e+01
-1.977823409547425726e+01
-2.387375863836541257e+01
-2.194874903806475785e+01
-2.298062763617157955e+01
8.446429553133258494e+00
5.278753716988112465e+00
-1.800078659203504827e+01
2.203897946433824639e+00
-1.971292159294828705e+00
-6.276939068904807684e+00
-9.888717987319402880e+00
-1.212971924538699398e+01
-1.346165256537866028e+01
-1.510181433158692776e+01
-1.645366610984709510e+01
7.871035797167750481e+00
1.111192502772333590e+01
8.188448581479613964e+00
-8.300538359152140444e+00
-4.707474135668347159e+00
-1.287531896907310847e+00
2.113748811678693329e+00
6.822831290511579994e+00
4.495175517244330621e+00
-9.448083795995557921e+00
-1.537633228585318967e+01
-1.622834210511204489e+01
-1.877782051431723431e+01
-1.368575784814730589e+01
-1.108353669353456361e+01
-7.260273067093658028e+01
-7.627430375999983880e+01
-7.476047417320215516e+01
-7.907601193717964350e+01
-7.079310908862001384e+01
-6.202994240500569845e+01
-6.076470105156604262e+01
-6.378948695540625380e+01
-6.676470615604011982e+01
-5.947184873378694903e+01
-5.837238555514201011e+01
-5.812475481718374937e+01
-5.715390631287822742e+01
-5.602919552080824417e+01
-5.482274457643486443e+01
-1.886987186826733165e+01
-2.047137586886757532e+01
-2.485622980857283082e+01
-2.143139478778893547e+01
-2.287953699215794146e+01
-1.775616036142214327e+01
1.190486870781986184e+01
9.251604498938675647e+00
6.340195100403207107e+00
-1.637995679323165632e+01
3.327780763304863498e+00
-8.484244006182095621e-01
-4.956374158707024691e+00
-8.882769196000380063e+00
-1.072027724828088857e+01
-1.263728090453236241e+01
-1.450143457270294434e+01
1.515676784333343896e+01
1.450921864848849019e+01
1.093403818108873260e+01
1.392491210203880136e+01
1.063871987043578393e+01
-5.968971689648637557e+00
-2.302886539370129881e+00
1.514275451866789801e+00
4.832267431394344115e+00
8.016282165442563112e+00
-7.717941220477990250e+00
-1.618754362592665075e+01
-1.851919479963256521e+01
-1.348899792382616702e+01
-1.043528997410192360e+01
-7.458546721186786499e+01
-7.377032130262837484e+01
-7.801545600906908362e+01
-7.032597425829608540e+01
-6.207886739134487897e+01
-6.041430504797479273e+01
-6.432949851651522977e+01
-5.989588306797454464e+01
-5.862240805437917146e+01
-5.696391512871321794e+01
-5.705481088348503249e+01
-5.575861102139081282e+01
-5.445385852118643299e+01
-2.673369472163648553e+01
-1.993296534824083110e+01
-2.439843829679109888e+01
-2.139862559308813772e+01
-2.280333651521880611e+01
-2.550978505229501181e+01
-1.858885511816128400e+01
-1.605435250500303113e+01
1.891364355715208490e+01
1.620699241422986958e+01
1.271301757484446959e+01
9.936344147751183797e+00
2.216357246391614666e+01
7.129125842720134720e+00
4.254641795531716397e+00
-1.415789725649640651e+01
4.201438445223693585e-01
-3.650707657222574731e+00
-7.333373452801942527e+00
-9.627917117906337197e+00
-1.200705873324645268e+01
1.796327105321143947e+01
1.761983165379199789e+01
1.365815865624770886e+01
1.677093282102150340e+01
1.434671435397740780e+01
2.153290564964986231e+01
2.499117276759998418e+01
2.603020763650329883e+01
1.265899760088739257e+01
-4.054922080686324648e+00
2.491075664499951547e-01
4.095923349395572011e+00
7.502798866713213499e+00
-7.395017139153669206e+00
-1.744497543265352135e+01
-1.344175934829660868e+01
-1.056389483811020469e+01
-7.384396609141170131e+01
-7.789788081930275609e+01
-6.930704175739754191e+01
-6.203165603436822551e+01
-2.903630436938657766e+01
-5.996612628386181854e+01
-5.841061723160244412e+01
-5.954199924302722735e+01
-5.731622308599487781e+01
-5.567663614196013810e+01
-5.581113640361804329e+01
-5.363101190902356308e+01
-2.722634531190461260e+01
-2.014882539150358198e+01
-2.402742679742168974e+01
-2.159987169530180040e+01
-2.296825854032261560e+01
-2.596306905596622983e+01
-2.468273631002300661e+01
-1.370996660226238184e+01
-1.900757832477616915e+01
-1.735820808814184346e+01
-1.560168869905686861e+01
1.911708329633233916e+01
1.017503746728998237e+01
1.537879057450488673e+01
1.279571469786144000e+01
2.269053818876062678e+01
2.751440274696604860e+01
7.572298319553151025e+00
4.855482219170464298e+00
1.391502650953083897e+00
-1.155922908037524266e+01
-2.378671616392755261e+00
-6.276733015017522455e+00
-9.216401050799843730e+00
-1.188523683154585342e+01
2.133753567658019179e+01
2.090061828102765418e+01
1.822185445799650338e+01
2.496447811165878150e+01
2.876429135966799322e+01
2.884998469514748010e+01
3.054358184229027273e+01
3.379044404111201771e+01
3.266811448775104054e+01
1.020688775343406363e+01
-4.160741616083346806e+00
-9.115766920340627744e-01
2.887196399164673632e+00
6.529640633801927052e+00
-7.471539316462131097e+00
-1.496157011825325966e+01
-1.105516231344982891e+01
-7.326340639114660291e+01
-7.179096880410939718e+01
-7.753489061425149487e+01
-6.747638082186955444e+01
-6.196315718402395589e+01
-2.986471618582557497e+01
-2.823913807574406221e+01
-3.183610337775215982e+01
-3.111062293020387060e+01
-6.117774217281805704e+01
-5.903343190424038056e+01
-5.802825358403507039e+01
-5.711078265595654813e+01
-5.771749018082822857e+01
-5.577830757338549006e+01
-5.372453967389746055e+01
-2.686637760198537705e+01
-1.980341756571328915e+01
-2.058324114794843140e+01
-2.147210011015954834e+01
-2.370392967621219427e+01
-2.208845863134235543e+01
-2.521887451282857029e+01
-1.394307822194278934e+01
-1.787151694017398640e+01
-1.596704149608601497e+01
-1.859421964086234880e+01
6.670903415626340482e+00
1.048008366413357706e+01
1.825621806186870444e+01
1.292594051753153472e+01
1.525879228480598293e+01
2.206599732498738220e+01
9.090556657363455528e+00
2.888208021773449374e+00
4.933944928631736282e+00
-5.885742125712075667e-01
-9.620614312743452246e+00
-4.216761500548666497e+00
-7.247792066758207419e+00
-1.233801708868506530e+01
-1.056859993824793520e+01
2.521651826814103359e+01
2.376757088824478714e+01
2.069107860324304937e+01
2.914443273819701474e+01
3.277815394459806697e+01
3.329770744790882020e+01
3.554228773337914760e+01
3.817162209686455299e+01
3.771598505972945503e+01
2.291031204894674289e+01
1.539699835398232608e+01
-3.601167716083588211e+00
9.815147121612250558e+00
6.042862429134294722e-01
5.163530463181941421e+00
-6.768167036723665042e+00
-1.567265672893136141e+01
-1.036333924608679702e+01
-6.499050638811354474e+01
-7.145239920065216666e+01
-7.633566176701671679e+01
-6.908056207010382366e+01
-6.183773310722878591e+01
-5.804188410012978494e+01
-6.498971521952454111e+01
-2.935822768555868123e+01
-2.800369270869299854e+01
-3.042849848042198602e+01
-3.327170431201259504e+01
-3.209882999871437903e+01
-6.165020599683808911e+01
-5.956655750621575152e+01
-5.737820587843535236e+01
-5.595795445152002401e+01
-5.604275116316814120e+01
-5.374545197125547702e+01
-2.654220658718420367e+01
-2.180481088764317832e+01
-2.353288682700818057e+01
-2.516233474265350978e+01
-1.406759401619688354e+01
-1.617476607170685199e+01
7.921712710762717435e+00
1.275417556337650460e+01
1.703907088536170988e+01
1.053116809958310185e+01
6.659280738216989626e+00
3.753401643070389593e+00
1.054623289726582591e+00
-2.591732209434148615e+00
-8.378516229442302787e+00
-5.808801132638101272e+00
-1.194597050864286913e+01
-9.896803620719031969e+00
2.873929626574654250e+01
2.737604494994079474e+01
2.991681341896920898e+01
3.350397729287548287e+01
3.734402470503676597e+01
3.840540879797018192e+01
3.954219047048918156e+01
4.187477745423338860e+01
4.186456421470899869e+01
4.326703645730507475e+01
2.714311358799537288e+01
3.228899808921274683e+01
-1.989859767862661499e+01
2.049394494813121170e+01
1.458868367208706296e+01
-1.563604911618056814e+00
8.734157395662977663e+00
3.456083899692084405e+00
-5.283844799356396393e+00
-1.335474874506677878e+01
-8.751349078383920954e+00
-1.632743349075607853e+01
-5.250495427811407723e+01
-5.724609897185307261e+01
-6.756239982644615338e+01
-7.373513537951288299e+01
-6.450684422425999287e+01
-6.109833291240396136e+01
-6.155480457129773697e+01
-6.416214856745004624e+01
-2.915183708018928144e+01
-2.766688471677801076e+01
-3.077935352082513276e+01
-3.430316447830831095e+01
-3.249592394776249193e+01
-5.966631914601970976e+01
-5.780675386851151387e+01
-5.548885509441505093e+01
-5.343522846419583772e+01
-2.604596073484132646e+01
-2.374308935377464636e+01
-1.387968244256966699e+01
1.003592075420885443e+01
1.423197091935126579e+01
7.412476805343068520e+00
4.534691977865246137e+00
1.677913571949935401e+00
-1.210359331664023097e+00
-4.509091885731168148e+00
-7.246488279373571650e+00
-1.136853713105332275e+01
-8.897909758636732391e+00
3.306983911592684677e+01
3.549395688332967325e+01
3.868520990598426579e+01
4.238942785295772353e+01
4.390009760313036935e+01
4.537460568402604366e+01
4.557743484037103343e+01
4.742265785532457301e+01
2.592149992888696630e+01
3.709346860540676261e+01
3.276736723612462754e+01
-2.431230489955051510e+01
1.970432561820494755e+01
1.314722564836524121e+01
4.093574071852212892e-01
6.579034937146006179e+00
-4.199085167581562139e+00
-1.023431983263123968e+01
-1.210497596802789566e+01
-1.847014173168101436e+01
-4.784475313750666459e+01
-5.357275870225446113e+01
-4.094957974213220098e+01
-5.885636948986070394e+01
-6.239947773188981728e+01
-7.031823472154985666e+01
-6.563448032657855435e+01
-5.950237154638406167e+01
-6.153444158454296797e+01
-6.490522594888552987e+01
-3.611769595248284048e+01
-3.685983173925109213e+01
-2.929643423651134881e+01
-2.788750477875528944e+01
-3.098989690267887553e+01
-3.404207250968156728e+01
-3.243048359832297933e+01
-5.755782035142631514e+01
-5.568953111715830318e+01
-5.237349179154146839e+01
-3.822548852520827722e+01
-3.920087756115795941e+01
-2.668194816495854838e+01
-2.461413130510107905e+01
-1.377853362166023210e+01
5.726725532919425987e+00
1.118413747475832665e+01
7.872621942280054519e+00
2.771601538759177252e+00
-2.209567100991302602e-01
-3.261200182340008080e+00
-6.384852968545462915e+00
-1.131300949335751760e+01
-9.256687353491930281e+00
4.002300634443091099e+01
4.211049137704865331e+01
4.559953492749184534e+01
5.075817357293534116e+01
4.801250591977525062e+01
5.010017716309440061e+01
5.106068167293143745e+01
5.473060772482748604e+01
2.484248123699514821e+01
3.073548275046708511e+01
4.129894330633887023e+01
3.805900393249258684e+01
-3.232317757530466196e+01
-2.548131907362153825e+01
1.801214711645939914e+01
1.016361106556531979e+01
2.478784557200732319e+00
-4.657886854454299730e+00
-1.156854178959280688e+01
-1.910555573138809038e+01
-4.740874766118515993e+01
-5.814933009858253143e+01
-5.260501861149452907e+01
-4.004326769072957148e+01
-6.396849516306441075e+01
-6.796775482989394845e+01
-5.717699628180996285e+01
-5.950434937453157147e+01
-6.080155922901609955e+01
-6.395835745493387492e+01
-3.492343618261342186e+01
-3.563362391482090885e+01
-3.686084143795612533e+01
-3.834713478139170206e+01
-2.974785258284204659e+01
-2.839321838715542512e+01
-3.134218680308118365e+01
-3.319910255087176409e+01
-2.754871782464747554e+01
-5.350674645643248084e+01
-5.026059992479665794e+01
-4.057536504730121862e+01
-2.566245515837146129e+01
-2.314437972556183709e+01
-1.659049409660499208e+01
-1.369272199591091521e+01
3.774760722322548112e+00
7.548862872896968668e+00
9.664800230178457241e+00
4.127190641695477780e+00
1.738962514597338416e+00
8.985476743512328390e-01
1.826047661697326685e+00
-1.152727171213226853e+01
-1.903801800712030756e+00
-4.700496036888528018e+00
-7.383664550567847762e+00
-9.231734921849559683e+00
4.762077235711967660e+01
4.938642314838618574e+01
5.295088397453257301e+01
5.692021924707356817e+01
5.478195171096284355e+01
5.560982749592217544e+01
2.476337941754405492e+01
3.284722549660740754e+01
4.852247514206118240e+01
4.256747592955865400e+01
-3.260497678236078656e+01
-2.494157718506519572e+01
1.460802804622174733e+01
4.802905786046413716e+00
-3.004619651886073051e+00
-1.402020682430883980e+01
-6.308776515335971879e+01
-4.719876091146560526e+01
-5.526374314344623428e+01
-4.055783046428672378e+01
-6.980369957954499682e+01
-7.361139461971757214e+01
-5.470378485479601949e+01
-5.829435495729138950e+01
-5.932877242710210908e+01
-6.241143623492626347e+01
-3.392740402034220892e+01
-3.959160337851218259e+01
-3.517238544089024543e+01
-3.677878358945355330e+01
-3.757888089432733381e+01
-2.986388777215073631e+01
-3.191903005058119902e+01
-2.874785054989358812e+01
-2.671650516692187693e+01
-5.130938260847580068e+01
-4.869289233729352162e+01
-4.201708743851207828e+01
-5.114302783206272096e+01
-2.458403597539729191e+01
-2.042231531362370589e+01
-2.259320984462906168e+01
-1.806378058292406052e+01
-1.525914439848307502e+01
-1.306853349965517275e+01
4.809911441043661640e+00
5.446837608552162813e+00
3.739310670250225677e+00
1.391970855421087006e+00
-6.138063252480893128e-01
-7.631324876086407194e-01
9.536941508637174492e-01
-1.057421712324495999e+01
-3.452283229508318119e+00
-6.225839503569548405e+00
-8.025489489024959511e+00
5.600270788412568379e+01
5.927533875484991199e+01
6.067761790779380959e+01
5.990681002477769823e+01
6.344290663732905244e+01
6.014160412909901510e+01
6.117135494302228693e+01
2.254503848644181474e+01
3.511722677117114699e+01
5.655557491976910001e+01
4.910581515904292615e+01
-3.233468450735659161e+01
-2.069022881742401410e+01
9.882076904364566872e+00
-4.617284603955420508e+00
-6.924027415645410599e+01
-6.101987418517850159e+01
-5.028120273664957551e+01
-4.299531780190198305e+01
-7.692529728334775996e+01
-8.001455114412058833e+01
-8.611975302002619514e+01
-5.260914489514634340e+01
-5.584109523117295026e+01
-6.063839517751436148e+01
-3.324495059271103514e+01
-3.891100714989703135e+01
-4.053371776428172524e+01
-3.523622253835672780e+01
-3.690412042434356721e+01
-3.071984097832359595e+01
-2.819704928510487818e+01
-2.611708935876351845e+01
-4.899897688956752262e+01
-4.588115996409614183e+01
-4.266656359858966141e+01
-4.976646259655829851e+01
-2.447998372435830561e+01
-2.028929198363875841e+01
-2.234039188982604784e+01
-1.654600681632370751e+01
-1.840254086446175918e+01
-1.447631940000606576e+01
-1.223940672119659645e+01
1.916722874691220158e+00
9.304171309543571855e-01
-2.410358518081914703e+00
-1.852640839251430638e+00
-5.298244353547093555e-01
-9.839477891662726350e+00
-4.798994639227828429e+00
-7.153979540326838915e+00
6.775373800548400993e+01
6.506626805932589264e+01
7.085817871578659322e+01
6.823937294787182850e+01
6.542450648000155411e+01
6.922203039324730867e+01
6.755385031247246275e+01
2.727151652047893293e+01
4.655077849153563818e+01
6.472947645281425366e+01
-3.148468081793964757e+01
-1.264867449090734830e+01
9.891794158855626407e+00
-7.674014092087669781e+01
-6.926174111819277357e+01
-5.709338790463949209e+01
-4.936651721000436766e+01
-9.271498194301175033e+01
-8.512852567564250705e+01
-8.526523829666146526e+01
-9.070253116408554206e+01
-9.546797398845642135e+01
-5.032789519609701756e+01
-5.200150350000301813e+01
-5.377869328212459266e+01
-5.706186184072626588e+01
-3.253261564916178372e+01
-3.999434382682353117e+01
-3.843394137865598736e+01
-3.453925500742629850e+01
-3.645985126859164893e+01
-2.980547570220334919e+01
-2.684452479177575057e+01
-4.748428147741334726e+01
-4.560698343607122496e+01
-4.368691281984001051e+01
-4.160215362847376497e+01
-4.810480442473621565e+01
-2.452537989989684064e+01
-2.039082071416012454e+01
-2.249716166182043509e+01
-1.629015911293639363e+01
-1.854593018866516729e+01
-1.384512099295754339e+01
-1.144527779868340289e+01
-1.398526060972282492e+00
-3.089338560885339202e+00
-8.869015763385180051e+00
-5.687762689070440025e+00
7.776998860877786512e+01
7.959746049383333855e+01
7.381801215342851208e+01
7.955126691267773253e+01
7.514776242099617320e+01
7.414748450172575645e+01
3.571092758441057669e+01
6.452470301293732291e+01
8.217259510167251335e+01
-3.232588122044355572e+01
4.860970939845210559e+00
-8.215904662317726093e+01
-7.021559038002573061e+01
-6.568545078525646375e+01
-9.654321562255661604e+01
-1.027758156782444132e+02
-1.006110227653578448e+02
-9.433846818697436731e+01
-9.430643655822763094e+01
-9.950975345308685860e+01
-1.024363900082399397e+02
-1.090520030425357874e+02
-1.043992546558253025e+02
-9.945702236731280266e+01
-9.590877787094709106e+01
-1.013570961461934274e+02
-9.249216805689206922e+01
-5.586636147459083190e+01
-4.945304597241974420e+01
-5.107817691741907140e+01
-5.284432968158117916e+01
-3.171616399890153559e+01
-3.976703516756735723e+01
-3.825590878895897617e+01
-3.383137329315605513e+01
-3.612420577266479427e+01
-2.873571792587469886e+01
-2.631496148954361658e+01
-4.596860150289415259e+01
-4.389450738813898312e+01
-4.183487183866672154e+01
-4.694127505535860934e+01
-2.417758588148723575e+01
-2.123508506994766876e+01
-1.846250648005604234e+01
-1.585837837076448942e+01
-1.324049311320394651e+01
-1.028735602938815497e+01
-4.494218123773904949e+00
-7.499199434760759786e+00
9.170998305038071408e+01
9.012602787404115645e+01
8.717470189459673691e+01
9.496133181435968140e+01
8.141987315930643376e+01
8.689673924426685403e+01
8.370028389661064239e+01
6.465417378199845189e+01
9.749744704500591297e+01
1.059322872795279693e+02
-5.174607922970845664e+01
-9.172410027496380280e+01
-9.949484375452438201e+01
-1.061185382706798634e+02
-1.048768667015378924e+02
-1.090600042652079651e+02
-1.074685856063271387e+02
-1.062769759888047929e+02
-1.089225781088929637e+02
-1.141215917731215370e+02
-1.131229167555029278e+02
-1.089813430655933502e+02
-1.052497004962317249e+02
-1.055437400560778372e+02
-9.848192771603913798e+01
-1.029225079445166813e+02
-9.569480125522809999e+01
-5.285685563936698372e+01
-5.250326399441387792e+01
-5.591537900921780846e+01
-4.809633501597856764e+01
-4.994299179096135788e+01
-5.103605637492258751e+01
-3.051109808218632224e+01
-3.974827576703049203e+01
-3.800311894410950941e+01
-3.318513835388161937e+01
-3.572694283484252509e+01
-2.752134126052686014e+01
-4.428253623931041716e+01
-4.220432363225687311e+01
-4.521186341264223074e+01
-4.011079183915052226e+01
-2.436289355095417264e+01
-2.140591523729586143e+01
-1.851524460889724466e+01
-1.578838902050956250e+01
-1.355836116680034564e+01
-1.111983374629319599e+01
-7.544766935625419890e+00
1.034526466257052277e+02
1.021750774167404501e+02
1.157305524583025829e+02
9.498232289124817385e+01
1.036038121479439695e+02
9.292389538971086438e+01
1.425580018510852369e+02
1.282359248458668617e+02
1.261957149960059752e+02
-1.493795465409166923e+02
-1.220504459340138652e+02
-1.218322714103517512e+02
-1.114921581671105599e+02
-1.146331149225214006e+02
-1.156690386683017522e+02
-1.186965354829948751e+02
-1.190453792989624162e+02
-1.192769669188181751e+02
-1.168477149510873261e+02
-1.127593430388267564e+02
-1.091391431015305358e+02
-1.090553836752481658e+02
-1.071176137550445446e+02
-1.023650437689583583e+02
-5.037479821594928353e+01
-5.001429658147678481e+01
-5.100196206571671098e+01
-5.308254022960381491e+01
-4.663448445030238076e+01
-4.842500408970671089e+01
-3.049546751325723548e+01
-3.718631036556771363e+01
-3.373690190381206122e+01
-2.736895056123718462e+01
-4.209579574578486927e+01
-4.364384002965906006e+01
-3.839548305240728610e+01
-2.404227281313693254e+01
-2.082807698783775407e+01
-1.737906981903335435e+01
-1.490319365378054961e+01
-1.211260607141874779e+01
-8.697375871659378532e+00
-6.900301802340473500e+01
-6.323667876708676516e+01
-6.510252510523378078e+01
1.320838294450680337e+02
1.117574618769795904e+02
1.226034893141766986e+02
1.112793097957465136e+02
1.030062766142098383e+02
-1.767113554714010775e+02
1.553284802161853122e+02
1.461446853154403698e+02
-1.454463111969167812e+02
-1.356527174701479908e+02
-1.208085277823425514e+02
-1.264775182976805752e+02
-1.249403855533742274e+02
-1.254877043863027239e+02
-1.217471521560274681e+02
-1.172977054681968667e+02
-1.130513095680096001e+02
-1.119984529291306075e+02
-1.099617296837872971e+02
-1.267147222858972668e+02
-5.863409111875664337e+01
-5.475520253868312892e+01
-4.778062570168869172e+01
-4.759793407564331602e+01
-4.849929222669043583e+01
-5.006926941547833820e+01
-5.194953165513592808e+01
-4.517603355672439136e+01
-3.087114649372905006e+01
-3.475210608194053918e+01
-2.735428911460660828e+01
-4.007475985516064299e+01
-4.200127420123039457e+01
-3.631879535963555838e+01
-2.353966832388053376e+01
-1.422552943285944593e+01
-1.967668056922321895e+01
-1.665949544836599827e+01
-1.176151967565607670e+01
-8.828533168125918706e+00
-6.009438169400409180e+01
-6.844094748325174749e+01
-7.301490440268167958e+01
-6.237134904613916575e+01
-6.540695098970957133e+01
-8.783139582244572807e+01
-9.621441966714007776e+01
1.451595258120171081e+02
1.346218792527510857e+02
1.194167562856968061e+02
1.276615071266751613e+02
1.196400181697990348e+02
1.125877002319638791e+02
1.179349791132153200e+02
-1.685576688975510535e+02
1.688258910648097526e+02
1.581187551153887512e+02
-1.538347935662660007e+02
-1.398052912347519907e+02
-1.304021464917417177e+02
-1.322883164124915538e+02
-1.319492672560116375e+02
-1.319037043389380415e+02
-1.225084696458944080e+02
-1.175201535965720723e+02
-1.165430378800641904e+02
-1.280226431041000410e+02
-5.720323359807426300e+01
-5.433059160994003634e+01
-4.488206066738410982e+01
-5.155173663886765212e+01
-4.559836971256041949e+01
-4.717958094726693474e+01
-4.909438299220555990e+01
-4.187526093502004443e+01
-3.136055009540938343e+01
-2.700049518859652053e+01
-3.830037244730831247e+01
-3.379264561097376429e+01
-1.321147187326462813e+01
-2.206560548896748486e+01
-1.563544597096369415e+01
-1.848416622635829398e+01
-1.223802212072738804e+01
-1.006807313226661726e+01
-5.775421883076081286e+01
-7.527256751538790525e+01
-6.001123091438263657e+01
-6.852551204377893157e+01
-7.086429405559941586e+01
-6.293945958022671050e+01
-6.577673994665575208e+01
-7.160039141693060571e+01
-7.942412333406365121e+01
-8.081785664667927449e+01
-8.416091599178476201e+01
-8.879255107144098247e+01
-9.231225746668795296e+01
-9.584594084875566011e+01
1.548217559989051324e+02
1.438072676346112075e+02
1.357164607865964001e+02
1.275291090840830890e+02
1.252986446882968892e+02
1.331034143998369927e+02
-1.747262311439880875e+02
1.707652943216475308e+02
1.654684639148314886e+02
-1.645200378042043781e+02
-1.515194756782059642e+02
-1.406447424553975338e+02
-1.398192384641844797e+02
-1.380086785978195678e+02
-1.345272248585760622e+02
-1.233443335654662860e+02
-1.303752934310238345e+02
-5.476602807244631066e+01
-5.202372199138493158e+01
-4.253763922530047381e+01
-4.884649461841471663e+01
-4.400331978469361616e+01
-4.615502483133079181e+01
-3.886629651099560334e+01
-2.469432238284666070e+01
-2.976805867143595563e+01
-3.479661354793914541e+01
-1.466203831515643330e+01
-2.044541624759614962e+01
-1.728098487969069197e+01
-1.308575782446508029e+01
-1.055054379238070617e+01
-8.326957794931006518e+00
-5.519229275622595310e+01
-5.749067487532147425e+01
-7.496518455732213226e+01
-6.087846909711008436e+01
-6.786180512064369452e+01
-6.399785825489392721e+01
-7.182287382851286850e+01
-6.877821674203799773e+01
-7.723781198102734891e+01
-8.000798674694058832e+01
-8.612130245119278982e+01
-8.277979048468702672e+01
-8.935839071646780951e+01
1.501069920592621827e+02
1.583753929859907430e+02
1.424927963994942388e+02
1.342647612199826028e+02
-1.795544541240098226e+02
-1.703346337418662415e+02
1.742150646704059511e+02
1.658619451820457869e+02
-1.588164086080048492e+02
-1.490055664590797733e+02
-1.459400029718938470e+02
-1.411445932670422110e+02
-1.363608805570624440e+02
-1.333363840930199160e+02
-1.255840875672340644e+02
-5.203716150911435534e+01
-4.860956087168175088e+01
-2.239969069728027762e+01
-4.015117630087775069e+01
-4.513735747622768457e+01
-4.226610159906873321e+01
-3.600386684438162632e+01
-2.669944403450990578e+01
-3.127827992957309178e+01
-1.576398008899506742e+01
-1.849865122197289224e+01
-1.391313346540260731e+01
-8.947845042391737280e+00
-1.128241787740339142e+01
-7.654297981967835618e+00
-5.437120082954445266e+00
-5.354534574819927428e+01
-5.763647143257552585e+01
-7.387296757699627392e+01
-6.090285968175156484e+01
-6.490684133301397196e+01
-7.014535095069554416e+01
-6.643433754546430237e+01
-7.593870958822228090e+01
-7.732312533026444612e+01
-7.966078942024803666e+01
-8.521905641820741550e+01
-8.190850918066691122e+01
-8.743454896619391548e+01
-1.653445522028383436e+02
1.511434248067575652e+02
1.587587723766594081e+02
1.429305917005106039e+02
-1.767801139049225014e+02
1.740935292760053414e+02
1.663203749612131048e+02
-1.552584610655696054e+02
-1.622755964070337598e+02
-1.407477627405046690e+02
-1.492588692903769925e+02
-1.456216652270381360e+02
-1.385152173016685708e+02
-1.317771140874517357e+02
-4.911625940799709866e+01
-4.477955128213026370e+01
-1.990880829317625711e+01
-2.385349925566330853e+01
-3.780131117001903363e+01
-4.070158278394191598e+01
-3.296939897936061215e+01
-2.816626754341395511e+01
-1.613165607545482061e+01
-1.264925000926755594e+01
-1.000431774954484432e+01
-7.560224535269618684e+00
-3.401957947834457485e+00
-5.405622864659109439e+01
-4.966432557343496512e+01
-5.717365796925754751e+01
-7.236225132183861319e+01
-6.164862702411873130e+01
-6.840938903595070997e+01
-6.445384477052198235e+01
-7.396543119127345278e+01
-7.634893091599325032e+01
-7.891181463165335686e+01
-8.239540417216622359e+01
-1.711384230192442431e+02
1.597885902312278006e+02
1.511353069301947016e+02
-1.790022727972309440e+02
1.734590398587798745e+02
1.669129148092370940e+02
-1.552347312415482463e+02
-1.681338836665598819e+02
-1.610875386691515700e+02
-1.446101972977252217e+02
-1.505416989572609054e+02
-1.405383157966809904e+02
-4.465688398137304915e+01
-1.754018487125077286e+01
-3.974247527027925031e+01
-2.103228920789591783e+01
-2.496875651761525461e+01
-3.503073559512027657e+01
-2.964290677573730193e+01
-1.611943062999132437e+01
-1.401097350733027191e+01
-1.054950820665166766e+01
-7.073417022468365012e+00
-5.176466361011802775e+01
-4.588027607465030400e+01
-5.252827633308057642e+01
-5.705288075013145033e+01
-7.011913880776458541e+01
-6.096990323307276327e+01
-6.557501459993287085e+01
-7.271377654192065165e+01
-7.541827710902248327e+01
-7.874628528767090074e+01
-8.343095459161979477e+01
-1.746310249415664941e+02
1.632521152427914899e+02
1.533252431809964946e+02
1.784277631615341875e+02
1.713346645205430718e+02
-1.713143363121021423e+02
-1.561470473693471490e+02
-1.653619390623721586e+02
-1.499317401203715860e+02
-4.010148003333813449e+01
-1.858682399519424422e+01
-3.487439815079665095e+01
-2.166078390884763394e+01
-2.546447169325711712e+01
-2.999671031077752303e+01
-1.356524626522679178e+01
-1.568023101852964274e+01
-1.089880039165350567e+01
-4.683201591535595298e+01
-4.078377419456796105e+01
-4.774085047486679656e+01
-5.265135455269106757e+01
-5.709180323215205988e+01
-6.858777216802353394e+01
-6.140617085505042638e+01
-6.478881950091715680e+01
-7.119186467599467960e+01
-7.453850693659629201e+01
-7.670955861320574343e+01
-1.775537096429740700e+02
1.669014198434277603e+02
1.755141712343992424e+02
-1.743073029037717845e+02
-1.682627814356364695e+02
-1.604172674968254739e+02
-3.500640286717868577e+01
-1.817825991596608048e+01
-2.997124189494817870e+01
-2.148172861595485017e+01
-2.526793830514489514e+01
-1.273817826087141825e+01
-1.480121153597642270e+01
-8.980398485859165447e+00
-3.574233009173151032e+01
-4.180068614405526262e+01
-4.523937339205163966e+01
-5.468339448147116855e+01
-5.008291262105828423e+01
-5.862337283666449395e+01
-6.665932786097840790e+01
-6.217631401899021881e+01
-6.977641533762667336e+01
1.791582284673251877e+02
-1.732350906042372003e+02
-1.715809167187368018e+02
-1.642239999137432562e+02
-3.076518055473486868e+01
-3.050001102157168376e+01
-1.757466560895224461e+01
-2.627232092334602598e+01
-2.056035096200469070e+01
-2.264276692829344029e+01
-1.452147896331225674e+01
-1.128045510622914627e+01
-3.603195717215312044e+01
-4.008184347002372760e+01
-4.388118886819517428e+01
-5.593713233805828366e+01
-4.829060063439121819e+01
-5.219007845937370860e+01
-5.909375092941395735e+01
-6.377343881867919606e+01
-3.106598139024915284e+01
-1.789694210396914400e+02
-1.405390289036150193e+02
-1.355875547367466538e+02
-1.765752754099963511e+02
-1.717049421304082273e+02
-1.653278063625543268e+02
-1.491580018573763766e+02
-2.669319509136960633e+01
-2.656428696987909177e+01
-2.621066694757461590e+01
-1.733669236928460222e+01
-2.258926554548470023e+01
-1.932993776703597533e+01
-1.153532598746905968e+01
-1.457307379444683093e+01
-6.330112007924813433e+00
-3.462307435682400580e+01
-3.901882981906055647e+01
-4.224387454886279158e+01
-4.664620365827321535e+01
-5.448790007955393122e+01
-5.062162948721270084e+01
-5.787147652238370910e+01
-2.901821997307141388e+01
1.764243245902950719e+02
-1.437115209560218432e+02
-1.411359462180406581e+02
-1.373967177904396806e+02
-1.312627887488848444e+02
-1.774040978387162681e+02
-1.728705797611901573e+02
-1.668820786435479135e+02
-1.604375974036138359e+02
-1.488802457139611874e+02
-1.544018719441158680e+02
-2.488904944333566505e+01
-2.326865057393777292e+01
-2.280146377322630968e+01
-1.608141963172019828e+01
-1.943921508970937495e+01
-1.077891081491581460e+01
-3.112498181469815606e+01
-3.503436568446383603e+01
-3.838055853171817944e+01
-4.450019437610604456e+01
-4.109899905659430175e+01
-4.820526940094072899e+01
-5.271907552428646682e+01
-2.680199735147498785e+01
1.675483873876316352e+02
1.757402144718046486e+02
-1.458722838943693887e+02
-1.318078618275794440e+02
-1.356366905450979061e+02
-1.428126756282815961e+02
-1.399596223847205181e+02
-1.256610222953760712e+02
-1.789533274584763944e+02
-1.752967104073738369e+02
-1.702623049087394804e+02
-1.657434265495885484e+02
-1.603588729399610600e+02
-1.511970532800774265e+02
-1.559144074634335766e+02
-2.329976964957324981e+01
-2.147237425363925922e+01
-1.956410220420973189e+01
-1.537810812629855661e+01
-3.066144370902412319e+01
-3.445179010725727409e+01
-3.754688712314494836e+01
-4.437532109148720139e+01
-4.073141080999727848e+01
-4.844628930329087524e+01
-2.344147466913236855e+01
-2.700121080513093474e+01
1.630640369916401369e+02
1.713901952467130911e+02
1.770691008425858399e+02
1.597783587676896957e+02
-1.296899172387310841e+02
-1.472735191551690548e+02
-1.334161931376912094e+02
-1.356819896024946672e+02
-1.395543920492777943e+02
-1.441841678808760321e+02
-1.247984254716675565e+02
-1.236694116954032978e+02
-8.171095761170712990e+01
-8.728610556141420318e+01
-1.735765063160470447e+02
-1.788518981378807098e+02
-1.645604215163217816e+02
-1.693119026624365233e+02
-1.514581981858675590e+02
-1.604581599659094309e+02
-1.559862971490213397e+02
-2.029938902084631991e+01
-1.975908142038843351e+01
-1.656093165631309461e+01
-3.065734083054675452e+01
-3.407262623080297459e+01
-3.709783407052669446e+01
-4.231929394883946571e+01
-2.379902910803284755e+01
-2.703523779381438175e+01
-2.083076787586970724e+01
1.552512459131739320e+02
1.530526785561968381e+02
1.647449663919573766e+02
1.693383544887658729e+02
1.749343517096734786e+02
1.617636618702993587e+02
1.572299308838619254e+02
-1.302906927898808078e+02
-1.486724106111120420e+02
-1.344375142063611008e+02
-1.383875937583908069e+02
-1.435085353835698641e+02
-1.284197921267188747e+02
-1.261832759322079909e+02
-1.201843269951106095e+02
-1.166125939653597072e+02
-1.081294941278960806e+02
-1.032599019724767970e+02
-9.215926219898575766e+01
-9.794911883439496592e+01
-7.968201514462674595e+01
-8.592971376004703643e+01
-8.835395298016283050e+01
-8.512498800715290770e+01
-9.279246991939649547e+01
-1.753719587502896786e+02
1.790176030952850397e+02
-1.654749134144041989e+02
-1.709001626604147077e+02
-1.553204405540708706e+02
-1.604520592043171519e+02
-1.681058981386759044e+01
-1.563446071049599340e+01
-3.050604795182072237e+01
-3.285402895399777634e+01
-3.629613865678413021e+01
-2.722911882213693602e+01
-2.361566096806607717e+01
-1.940844160134212615e+01
-1.556620514284757029e+01
-1.209067171424647924e+01
1.530173903286137715e+02
1.558331375033181132e+02
1.502562044173661491e+02
1.422708912944205508e+02
1.680031274955546223e+02
1.725466592580275176e+02
1.646896761956114688e+02
1.593809778270104118e+02
1.544637516667582418e+02
-1.328880222121271686e+02
-1.530742123709972020e+02
-1.478535790332547037e+02
-1.375783029326124733e+02
-1.423273393665686513e+02
-1.308025907020074499e+02
-1.291633871734663614e+02
-1.125879742400548480e+02
-1.251393819388253945e+02
-1.220066493405542474e+02
-1.186182632670986266e+02
-1.141774581097484855e+02
-1.116368740681902381e+02
-1.081847330999386827e+02
-1.052291338802755263e+02
-1.015222779538495104e+02
-9.700940281174015922e+01
-8.154886822536897739e+01
-8.889876896206581591e+01
-9.153895924767176950e+01
-8.867311104705642322e+01
-8.640410216306722191e+01
-9.685981426810535311e+01
-9.511192875047056816e+01
1.763094757862406254e+02
-1.777285166913238470e+02
-1.655625562451162125e+02
-1.719903646575660900e+02
-1.594837499843745263e+02
-1.137654558918860381e+01
-8.053119938076454432e+00
-4.983258292576423720e+00
-2.912389580474609829e+01
-3.184315202283634960e+01
-3.576633500490768824e+01
-2.490037548907007192e+01
-2.155213573240868641e+01
-9.297476758594058310e+00
-1.768156185900521749e+01
-1.383361856056766470e+01
1.504246591112446936e+02
1.520435738974903757e+02
1.448078586087886208e+02
1.707679041045068402e+02
1.670736873323083955e+02
1.619557975320825562e+02
1.568779785917086826e+02
1.544600475587001540e+02
-1.355986227275977853e+02
-1.539755175922747981e+02
-1.472225720571381089e+02
-1.412994561571998418e+02
-7.081571231876452543e+01
-7.894522636041003238e+01
-7.502576986089763977e+01
-7.176989066571377407e+01
-7.288011546321533274e+01
-6.727532636856820147e+01
-1.333994151276529863e+02
-1.295608536792424275e+02
-1.178569352257084830e+02
-1.260359320200197715e+02
-1.225428481417918505e+02
-1.178673502475857049e+02
-1.151214307569141226e+02
-1.117916631783632937e+02
-1.089515932208307163e+02
-1.051137240833843265e+02
-1.010090215306370283e+02
-8.442509373803432027e+01
-9.276864603493226014e+01
-9.062608701309446246e+01
-8.870853788376106763e+01
-1.002351352066466319e+02
-9.782458027468665307e+01
1.757489204003420866e+02
-1.787037541087433112e+02
-1.656667733016116131e+02
-1.722205739744659070e+02
-1.604129126070328937e+02
-2.142955941572524114e+00
-1.091271889213866420e+00
-4.153327656883948116e+00
-6.569696514052901648e+01
-6.232989617710319408e+01
-6.407731411751177220e+00
-2.569126805389784707e+01
-2.836203481941608473e+01
-3.104880587539399883e+01
-3.877945824213934145e+01
-3.360308150378008918e+01
-2.107635450646701258e+01
-1.163036594469941498e+01
-1.655256569230602892e+01
-4.708400284059754171e+01
-6.243689329420458733e+01
-5.541740469546104464e+01
-5.057067831282331127e+01
1.496343229890719044e+02
1.456715064135884177e+02
1.709755310473953784e+02
1.651598756602561764e+02
1.599196689394520661e+02
1.573698647959351717e+02
1.528269053519456691e+02
1.487226502689503036e+02
-1.388565766418354599e+02
-1.529750658597636743e+02
-1.457232332087201030e+02
-7.683823269487892560e+01
-8.154364635678061290e+01
-7.939629669967212067e+01
-7.777722505731276215e+01
-7.791780360966002661e+01
-7.469122294911082349e+01
-7.880175173633830354e+01
-6.459878997421597546e+01
-6.616740682126661000e+01
-6.659824937581423399e+01
-6.990710121433528457e+01
-6.570732872566868821e+01
-1.347490788353422886e+02
-1.307689230048071920e+02
-1.219734304771205160e+02
-1.264882362482757401e+02
-1.216823554078767557e+02
-1.185821915823583055e+02
-1.142921946848274501e+02
-1.099144824404908292e+02
-1.052908202475836816e+02
-8.567459556987837743e+01
-8.809751682672120410e+01
-9.544493254991621711e+01
-9.300416094560888780e+01
-9.223355225760987253e+01
-1.037162817500680916e+02
-1.007300618539015886e+02
1.756340857892696192e+02
-1.777317743691165788e+02
-1.680472403339258562e+02
-1.604297087179546963e+02
-3.284607650857631622e+00
6.102381801189737942e-01
1.477109013452781783e+00
2.625866824927532317e+00
2.282787366624503989e+00
-6.242619044623523905e+01
-6.266589128120624252e+01
-6.143596925320765934e+01
-5.953318023611313237e+01
-5.833344330576949233e+01
-5.842015405339579104e+01
-5.754142856250010851e+01
-8.588216997779873907e+00
-5.243771094726931814e+00
-2.966519457595334330e+01
-2.358126674734263517e+01
-2.667897454939475566e+01
-4.084074576656450972e+01
-3.509990992603639626e+01
-3.091420208955278781e+01
-1.897156786156553920e+01
-1.388384253990970230e+01
-4.025948929054601422e+01
-4.397751093634077080e+01
-5.529379370374651614e+01
-5.073962612101288983e+01
-4.834059563149462946e+01
-4.487095911603773857e+01
1.436520447533394247e+02
1.689096788248407677e+02
1.622044773844347958e+02
1.562567022214035717e+02
1.458462719620251562e+02
1.511425096936795853e+02
-1.408973819099137188e+02
-1.528134523100081594e+02
-1.472618708337512601e+02
-8.111107884958887837e+01
-8.334954149598571860e+01
-8.144668063444018458e+01
-7.586215588864249071e+01
-8.187927117344086980e+01
-8.083474552289369797e+01
-8.153516443853580142e+01
-8.290835395635438942e+01
-8.072601058366672078e+01
-7.619675707573340162e+01
-7.032547615703485633e+01
-7.130577660221575798e+01
-7.659593747458788471e+01
-6.970208684924267573e+01
-7.634661898015130532e+01
-8.752617754836940378e+01
-1.365984285145768808e+02
-1.317143670735564172e+02
-1.266931741173634407e+02
-1.246066915097819248e+02
-1.199631061910870784e+02
-1.149726252527427022e+02
-1.099549238950455390e+02
-9.122668891658433665e+01
-9.768244161418998317e+01
-9.662599880490508042e+01
-1.072254613189929557e+02
-1.030950730380309039e+02
1.754854129179723543e+02
-1.748805863060510433e+02
-1.670050707293482048e+02
-1.588735155216023429e+02
-5.126582998761892718e-01
3.052283469713329200e+00
4.504203277520747228e+00
5.914716386702822959e+00
8.705812650416937970e+00
-5.850380145921843678e+01
-5.798807258496226069e+01
-5.629175488135750527e+01
-5.337078666431851559e+01
-5.444752090153652091e+01
-5.381523257411021177e+01
-5.359905073944268850e+01
-1.028486959428246195e+01
-4.156917961325492961e+00
-2.607450172546189648e+01
-2.192593365369026515e+01
-3.591503764549008793e+01
-3.138149779976133047e+01
-2.697552679711471768e+01
-1.623392747353846843e+01
-3.627131068455556573e+01
-3.994964607168979853e+01
-4.912759412968072326e+01
-4.520927725700224187e+01
-4.186509229957580658e+01
1.399277137843627372e+02
1.677486748247336266e+02
1.621741749912262662e+02
1.425763363465391365e+02
1.561519237764129286e+02
1.470481541826176226e+02
1.513056442770555350e+02
-1.431109965644434112e+02
-1.524065454912675079e+02
-8.577273161619442021e+01
-8.571085139920377571e+01
-8.940477778248465768e+01
-8.338988716440088922e+01
-8.531835006065192317e+01
-8.677799312805444742e+01
-8.530464584013242302e+01
-8.653713635787813985e+01
-8.441041369130441296e+01
-8.619802205055455602e+01
-8.478601627012182007e+01
-7.832753922213123587e+01
-8.105103726747745441e+01
-8.461790945271330600e+01
-9.497662837196105556e+01
-9.126244095393757050e+01
-1.375756281016991522e+02
-1.315079617888895314e+02
-1.267963436477613186e+02
-1.215913894654159435e+02
-1.162427085813994267e+02
-1.135852033818774203e+02
-9.654626877036778865e+01
-1.024468380208573421e+02
-1.090150006443558510e+02
1.724605430939363657e+02
1.798493614952772930e+02
-1.727016840827393480e+02
-1.635105105145024140e+02
1.019446687479335312e+00
3.743584482725552665e+00
6.899296208604271285e+00
1.111341250571863171e+01
-5.449825992131611940e+01
-5.155636051488731653e+01
-5.077281701962594695e+01
-5.477425888194301251e+01
-5.665874427474321351e+01
-4.846657884488526946e+01
-4.877442104105156773e+01
-4.819361811298810494e+01
-9.456607780688614184e+00
-2.674393880277786906e+00
-2.140650134937197535e+01
-3.135298710748326556e+01
-2.616282230945524745e+01
-1.503341407708680144e+01
-3.202925109962638572e+01
-3.629066149558901344e+01
-4.369657039433462842e+01
-3.940083978491699668e+01
1.340931969140038973e+02
1.387429942533610756e+02
1.286304980200575301e+02
1.646845410961193181e+02
1.600759593274767951e+02
1.432886327143341418e+02
1.538762084519983091e+02
1.480308052311934262e+02
1.624084298221138454e+02
1.700357487982231532e+02
1.648394819846906216e+02
-1.462115172363797626e+02
-1.556347852017323419e+02
-9.106829063173788086e+01
-1.003111941826363989e+02
-8.831243992256683839e+01
-9.012960814326251580e+01
-9.157708799003420097e+01
-9.105120566422340289e+01
-8.914762975218812358e+01
-9.096262016280793716e+01
-9.030568603292628893e+01
-8.826754774093019762e+01
-9.078266030691354160e+01
-9.470472473478487530e+01
-1.020059423271381576e+02
-9.990477474458073459e+01
-9.697698005597261783e+01
-1.396010978517299463e+02
-1.336597248078998632e+02
-1.278608466074416867e+02
-1.218738228416046923e+02
-1.165482314288852876e+02
-1.031054600128751559e+02
-1.096687385486150532e+02
1.783258076028325831e+02
-1.729435171467338250e+02
-1.646063446819704836e+02
2.537688881785331141e+00
5.385006576308860815e+00
7.507116849982127249e+00
1.300123359645129106e+01
-4.977295363343441181e+01
-4.659496810746451700e+01
-4.502994161193052491e+01
-5.097291004150199001e+01
-4.679737764211332518e+01
-5.491737052667243546e+01
-6.055941570002126895e+01
-4.252309142463510483e+01
-4.197379838801747809e+01
3.918952401049016210e+00
-7.313227515624741493e+00
-1.030093103348158623e+00
-2.028776297463236133e+01
-2.587221958912527242e+01
-1.266434925417371460e+01
-2.956742134811037914e+01
-3.296181104286566210e+01
-3.724907649028995138e+01
1.348380289765326836e+02
1.393107692586934832e+02
1.313666306610484469e+02
1.231145457650286943e+02
1.272924102463261278e+02
1.568708392339420925e+02
1.443138689433114052e+02
1.501375476349514599e+02
1.577169948514886357e+02
1.718918803940835858e+02
1.601078852352611932e+02
1.660891027190483555e+02
-1.065773226325379994e+02
-1.484638167706108334e+02
-1.566715753698425999e+02
-9.706017544076986781e+01
-1.072846182843120459e+02
-1.129908603106517972e+02
-9.394442591793118424e+01
-9.633559594631341838e+01
-9.714099218082121467e+01
-9.513999431175096788e+01
-9.646048829921484469e+01
-9.525068584844743214e+01
-9.425084680526968839e+01
-9.846795465249304868e+01
-1.067048799849852543e+02
-1.034957521530868405e+02
-1.036262174740035249e+02
-1.420732186604612366e+02
-1.357669881073370846e+02
-1.306277974777420070e+02
-1.245237666430469261e+02
-1.176498665640739034e+02
-1.105286046663704411e+02
1.792561314844703588e+02
-1.731412318838011402e+02
-1.655559866448276125e+02
-1.765239669375295932e+02
7.017441376992784363e+00
1.190272825139598645e+01
8.016503381411324014e+00
-4.331970996519958561e+01
-4.041274889846665985e+01
-3.873744597029780579e+01
-4.894396565466891502e+01
-4.487134185852452362e+01
-4.007417491135509380e+01
-5.376403254676226595e+01
-6.142349075226653810e+01
5.914002609758933993e+00
-3.557268103362935818e+01
-3.301815587523181961e+01
1.093261160685400135e+00
-5.092152733228984651e+00
-1.796018080439799647e+01
-2.287678903398434116e+01
-1.054485029980403077e+01
-2.468423299824608108e+01
-2.944805131438322121e+01
1.168932138863500683e+02
1.398636827835211704e+02
1.354059312388439764e+02
1.312731551888079480e+02
1.225665812386554450e+02
1.266941750527484061e+02
1.522412420080006825e+02
1.459980407086468688e+02
1.537162375197249276e+02
1.725417885181495308e+02
1.565773055437940116e+02
1.613305296692195157e+02
1.669007970828633063e+02
-1.167398090648737963e+02
-1.492451611101061246e+02
-1.581367169710054270e+02
-1.037037611117490883e+02
-1.118584829034089694e+02
-1.198424659344770902e+02
-1.167294752309219632e+02
-1.011353332219190975e+02
-1.033688774813324045e+02
-1.009331511668446524e+02
-1.025870670358212209e+02
-1.124622461218012575e+02
-1.013947259930732514e+02
-1.058849688856851117e+02
-1.097296831887887407e+02
-1.109372862575753089e+02
-1.415299759452869068e+02
-1.342495830543745967e+02
-1.266261859963142058e+02
-1.187775737993617469e+02
-1.609946943373601016e+02
-1.607281916356483293e+02
-1.689472337888300046e+02
-1.648607362736197501e+02
1.792105413120771971e+02
-1.738644392531538472e+02
-1.674257456214668309e+02
-1.664767046162580471e+02
-1.733921480361837553e+02
-1.776334635587492130e+02
1.780894849147844923e+02
1.734132486540829348e+02
1.711697967893837813e+02
1.687846264498018627e+02
1.689663518303540570e+02
5.889824053164908690e+01
1.373584078020025423e+01
1.063199286229588125e+01
-3.561875924259677362e+01
-3.272577179802758707e+01
-5.084676600901875076e+01
-4.696551466086917515e+01
-3.203748835108041959e+01
-4.254268067613970317e+01
-3.757915944267529085e+01
-5.004327520389400519e+01
-6.028938552357179503e+01
8.310000376365628938e+00
4.221865697944670259e+00
-2.613133802660154714e+01
-2.564857180406617232e+01
-1.711749248248681576e+00
-1.576968535562319751e+01
-7.040261331148171209e+00
-1.882877980107133808e+01
1.101528291522079570e+02
1.186326945914678674e+02
1.407695162669736249e+02
1.354736407156130440e+02
1.306458719589986686e+02
1.224121320585211663e+02
1.263311622179916469e+02
1.485351142548938412e+02
1.435224764753440638e+02
1.522613594921214428e+02
1.493722577728904639e+02
1.725866314660179341e+02
1.561136004099252546e+02
1.518519563288571703e+02
1.592224541352408664e+02
1.630251271556908819e+02
1.673840292290037155e+02
-1.247705774494574484e+02
-1.325140922408485551e+02
-1.254056515066345838e+02
-1.512333575926351728e+02
-1.106009981104348014e+02
-1.181693178135226816e+02
-1.223931471877650381e+02
-1.070673271887819027e+02
-1.091086039569068760e+02
-1.089571490098931292e+02
-1.174132264322512071e+02
-1.111592330419256456e+02
-1.145020538479261916e+02
-1.185699286933214580e+02
-1.431956764252471714e+02
-1.356180295905447508e+02
-1.273996397725459531e+02
-1.578236205070881510e+02
-1.696956791644985003e+02
-1.636449484958383493e+02
-1.532872134638678574e+02
-1.399094020697791905e+02
-1.478271286832407156e+02
-1.595946445535925591e+02
-1.633290021909194820e+02
-1.694554466239884789e+02
-1.669819129934209343e+02
-1.726123538133746820e+02
1.784052269111175804e+02
-1.758706240554797660e+02
-1.715750597898183969e+02
-1.740646010452562962e+02
-1.749322930582137303e+02
1.789422459085805315e+02
-1.757424041824190795e+02
-1.788017454218805824e+02
1.759963959645472187e+02
1.733880671926164325e+02
1.706577257885938081e+02
1.687292160444505100e+02
1.671434415349064864e+02
1.656088040203793526e+02
5.514906623582678691e+01
6.362604485189423542e+01
6.071323625444376404e+01
6.521213870783260802e+01
3.670949728623149610e+01
1.659339253195448549e+01
1.269798988737851886e+01
-2.648017921522376028e+01
-2.446464871920081663e+01
-4.480625224037718368e+01
-4.012982623631197754e+01
-3.021639808604736999e+01
-3.564047490579668676e+01
-4.306082088044422562e+01
-4.566622222394153141e+01
-5.705332808419190371e+01
9.261649672302256775e+00
3.658371862782557660e+00
-1.805747052232003469e+01
-1.832626576077863589e+01
-1.067348256077881974e+00
-8.971925372391286402e+00
-1.034625434149350554e+01
1.165483783763664576e+02
1.113638312221166160e+02
1.201722342458024855e+02
1.381301202470025657e+02
1.335066088820216521e+02
1.290229835388837785e+02
1.246347714699227964e+02
1.453487890775608378e+02
1.407381897589455377e+02
1.475919525144625197e+02
1.479439889800420360e+02
1.721717252935486613e+02
1.555926439230546521e+02
1.521966255743896284e+02
1.668719374004832048e+02
1.594517491098560527e+02
1.629317814526177131e+02
-1.727361134350504699e+02
-1.306910876740153640e+02
-1.366737389343816176e+02
-1.301901727461006715e+02
-1.272687776320952366e+02
-1.504802679814451380e+02
-1.176933990689415310e+02
-1.237366926564474170e+02
-1.157006026857834087e+02
-1.167966447956785174e+02
-1.222966460483128799e+02
-1.196635542744510161e+02
-1.264969442486972042e+02
-1.437570847235909355e+02
-1.361021893090479011e+02
-1.572134550552393364e+02
-1.679246268686885060e+02
-1.627841295801186732e+02
-1.419886382452187377e+02
-1.549240414416081535e+02
-1.468543906187643131e+02
-1.518673249337730340e+02
-1.592786321585654719e+02
-1.628991261741737162e+02
-1.669975407475142788e+02
-1.703480202779949195e+02
-1.741855035025601239e+02
1.769586894380446722e+02
-1.784877792820021227e+02
1.799587686477457851e+02
-1.790249614446789508e+02
-1.776496502216218971e+02
-1.749336312910932918e+02
1.783222359708574345e+02
-1.783088912282549643e+02
1.754568535494180708e+02
1.727140957684261764e+02
1.704328230414511154e+02
1.685012451157701605e+02
1.668064784973685732e+02
1.643771190529093644e+02
4.031262922526782688e+01
4.516982307860490664e+01
5.022718672325530775e+01
5.587773327560412895e+01
6.031730226747793466e+01
6.684573919667093378e+01
6.459709438345365129e+01
7.212176232102676465e+01
4.507210079454113583e+01
4.257423854315420186e+01
4.157548304911605186e+01
8.415221038869043468e+01
8.057446304089113198e+01
3.550794129178436265e+01
1.855211273645349124e+01
1.507489446942692979e+01
-1.776783129814657158e+01
-1.720321795076718274e+01
-2.323598261816603383e+01
-3.780495391952425166e+01
-3.315662063641185853e+01
-2.893536921779435644e+01
-3.717826740778995998e+01
-4.224003864676217290e+01
1.237690356153975735e+01
8.094311867933123850e+00
5.088900187906686412e+00
-1.030539484501756320e+01
-9.754981933853580145e+00
-7.895833631738887748e-01
-3.445073111759290985e+00
1.168373104020520401e+02
1.227970377266792923e+02
1.360606559735767860e+02
1.316468787136982996e+02
1.274583863659779723e+02
1.430927893105220505e+02
1.386933837172660446e+02
1.426316417303026469e+02
1.711227205611787952e+02
1.656978589484868962e+02
1.562212261370590056e+02
1.529600334763292722e+02
1.622140091032121063e+02
1.592064076936592585e+02
-1.707926146777880376e+02
-1.349615918043318459e+02
-1.399304756218903094e+02
-1.334359892907145877e+02
-1.298415249811359615e+02
-1.519241544570377016e+02
-1.250811254707174811e+02
-1.289780176172841095e+02
-1.246125224866751182e+02
-1.272733289867903892e+02
-1.332835314960639721e+02
-1.462745412936062905e+02
-1.414973642592412375e+02
-1.586663143133929452e+02
-1.656302026238688825e+02
-1.445807832261603778e+02
-1.470998971524963963e+02
-1.567091814952784148e+02
-1.508483560298707289e+02
-1.545794406089442248e+02
-1.607668336111229053e+02
-1.657961598573047866e+02
-1.708101256152470171e+02
-1.756759880246934813e+02
1.750048000129172863e+02
1.758654661137550477e+02
1.783602823169118210e+02
-1.781642593575504350e+02
1.790089091298874280e+02
-1.747977355730178033e+02
1.778710529630854182e+02
-1.797450290348116653e+02
1.747091833772715574e+02
1.720400601610434705e+02
1.696492068824996977e+02
1.673638224370492367e+02
1.643965673405336929e+02
4.167026979631483385e+01
4.761148914717883684e+01
5.074367438700998889e+01
5.465372838987837412e+01
5.924448547454798586e+01
6.337350111680802200e+01
6.911486833607177971e+01
6.688122915407996061e+01
7.458545856001603624e+01
4.894839630894828275e+01
4.650402156229959871e+01
4.558221756682875281e+01
4.594220246139876451e+01
8.567845056143774229e+01
8.905674758128581914e+01
9.117732965810320422e+01
8.440650774982637472e+01
8.123360859868104455e+01
8.780540141890134009e+01
3.549833626591276214e+01
2.065657038940274148e+01
2.395825652258360705e+01
1.683585003736230590e+01
-1.057085765531255817e+01
-1.128280160868176196e+01
-1.679098938104991490e+01
-2.294452169487496818e+01
-3.083060377534056684e+01
-2.575420341230728738e+01
-2.773692094800538754e+01
1.231563895548062604e+01
-3.015384986291693270e+00
8.005307799703301086e+00
-1.246624063416090999e+00
4.125563909012782915e+00
1.209205967266391895e+02
1.261489153675197059e+02
1.342386929633971420e+02
1.299742611959522947e+02
1.375051291500541595e+02
1.690889837411451424e+02
1.639878737137565565e+02
1.610389132061456792e+02
1.558390580739821871e+02
1.583552540548901106e+02
1.515445820929488434e+02
-1.703852568607836986e+02
-1.390002447605531017e+02
-1.443587877933026675e+02
-1.354139415607153012e+02
-1.392349570469606590e+02
-1.358952242523848497e+02
-1.538078255584668170e+02
-1.331606553757320626e+02
-1.350123328558235869e+02
-1.337096421076228694e+02
-1.416356313135174787e+02
-1.494429766133160911e+02
-1.613858968836107408e+02
-1.664128361031384884e+02
-1.497051072429407839e+02
-1.585524279626984026e+02
-1.547388637959413131e+02
-1.778293686061277583e+02
-1.632687408511860099e+02
-1.686618926238025438e+02
-1.734046273731642032e+02
1.711784267276512423e+02
-1.785036490152871522e+02
1.714087426333966846e+02
1.745734952725188123e+02
1.753649803319816556e+02
1.788180474556934314e+02
1.762845085676543420e+02
1.779674561202176619e+02
-1.735238086152444339e+02
-1.767604834721772988e+02
1.766101846573398007e+02
1.785712067580857081e+02
1.737617489690805144e+02
1.711129222490872053e+02
1.687951287274212007e+02
1.660501345293881457e+02
4.061516848881398545e+01
4.441326047690129997e+01
5.177995033858758944e+01
5.482481023663245168e+01
5.828630315579955834e+01
6.261488714950291268e+01
6.711427190925243735e+01
7.101663104543314375e+01
7.677829786186657657e+01
4.999800103341993207e+01
5.297227411660689000e+01
4.974045469557515986e+01
4.982601547684750187e+01
9.050536526156861328e+01
9.605178815871329334e+01
7.897305112703863017e+01
8.627399265322499389e+01
8.245267189726155266e+01
8.988855036881294325e+01
2.177707773416960180e+01
3.285304319360378145e+01
3.859466218722811703e+01
2.963335423710407923e+01
2.841755076233103949e+01
2.577564921168356094e+01
1.859279026289629400e+01
-4.494586404902693566e+00
2.225551971733212397e+00
-6.069942823794823639e+00
-1.110167543189282569e+01
-1.815514332208412185e+01
-2.039736904143883578e+01
1.531796153929190218e+01
4.572977983792205769e+00
1.218343170896346983e+01
7.748533646374122341e+00
1.255369591141337366e+02
1.291447895441928040e+02
1.327517675897917968e+02
1.659493269665684068e+02
1.616115417244363073e+02
1.597895572668105331e+02
1.571687610588813868e+02
1.545288281744893482e+02
1.506634806031954383e+02
1.451913707771932991e+02
-1.700745929847137461e+02
-1.444479719137692655e+02
-1.493239978130266650e+02
-1.424593088171484681e+02
-1.422451174891302799e+02
-1.583621232880651064e+02
-1.420625920362045349e+02
-1.424902301742153270e+02
-1.491747540035539714e+02
-1.550148497741614335e+02
-1.650161970089512522e+02
-1.546533151365648848e+02
-1.799630058912258050e+02
-1.601902527481170182e+02
-1.762219385841980852e+02
-1.660644459272602091e+02
-1.717080187116254990e+02
1.671655154532725760e+02
1.796437587854829587e+02
1.681792743861337840e+02
1.714261047321957960e+02
1.730719067244972962e+02
1.752147272641971938e+02
-1.741823855287825040e+02
-1.774873372040290747e+02
1.771678768581580243e+02
1.753424423078313623e+02
1.774882936595371348e+02
1.727114489896816281e+02
1.704160812538786445e+02
1.686630512319264596e+02
4.348134085413951055e+01
4.875750002636866753e+01
5.646107626489309439e+01
6.095994803726934208e+01
6.587854024964842381e+01
7.049451699232920987e+01
7.428370229243888900e+01
5.344069494184793712e+01
5.671288005064533877e+01
5.324142093145661647e+01
5.249770112499396646e+01
7.637348300298916115e+01
9.526898219974455628e+01
8.033348417762702809e+01
8.802854427587976716e+01
8.424217610821297342e+01
9.215244092506340223e+01
8.988022223141365430e+01
4.212229959279257230e+01
2.470819972544013865e+01
3.545126282505143678e+01
3.949647616501410852e+01
3.353566272354210298e+01
3.123611312142880081e+01
2.926097126734426723e+01
2.231862871107276547e+01
8.993545481916360274e+00
1.986851751858893234e-01
6.392724362668205984e+00
1.204917747563594688e+01
-3.785670594375485809e+00
-1.125041799590060343e+01
1.976018384636653025e+01
1.302560559900231674e+01
1.650254686100701562e+01
1.228714156079754787e+02
1.275097153372711318e+02
1.322387836971880688e+02
1.630281913713828885e+02
1.596382916219923800e+02
1.571539656244525531e+02
1.538811643787673233e+02
1.487388957586117044e+02
-1.705735541903787293e+02
-1.488165406568722062e+02
-1.536841562057571196e+02
-1.485975290059371332e+02
-1.495550706222844894e+02
-1.617713476771492935e+02
-1.511745731978261631e+02
-1.571573461778592105e+02
-1.675889779595577522e+02
-1.592817664384846523e+02
-1.795318630302329268e+02
-1.647061513827966621e+02
-1.757513665770291595e+02
-1.703690383451690877e+02
1.641748580282331886e+02
1.793042727303120500e+02
1.765642306736492344e+02
1.671319260220232366e+02
1.695533723872991061e+02
1.719183227044673004e+02
1.740797769814726621e+02
-1.751511650248700107e+02
-1.786158913405429871e+02
1.778580263964484516e+02
1.752008024089774949e+02
1.738074608774544743e+02
1.748642564518088705e+02
1.757897210861667929e+02
1.717313733363335757e+02
4.767229229058978035e+01
4.587178071050961137e+01
5.135036578139805385e+01
6.070518475137985348e+01
6.528481555838632744e+01
6.969258590980186341e+01
7.360440468875712838e+01
5.686843055134497860e+01
6.068187898815288150e+01
5.630813954176576175e+01
5.519372345726229412e+01
7.803490389006610428e+01
9.734620464036200360e+01
1.015849357987573995e+02
8.226892411871101274e+01
8.621633646837746312e+01
9.344262501872950111e+01
8.940247165116220174e+01
1.061960746221838434e+02
4.387453445256958418e+01
2.877421752158068102e+01
3.806012319463662408e+01
4.171673674477157334e+01
3.733808701487782145e+01
3.478412812089367634e+01
3.360202345570075266e+01
2.709550853833804496e+01
1.644284831810777803e+01
1.730983973524520536e+01
4.996904979914299716e+00
1.188527226121857083e+01
1.078012646104934857e+00
2.412784290125380693e+01
2.157896362761795217e+01
1.075587258053213588e+02
1.120286990603588322e+02
1.184364948072707762e+02
1.242623369895934360e+02
1.290249608263025323e+02
1.361727561675607490e+02
1.601104188827447388e+02
1.608146229175478084e+02
1.570512786753671151e+02
1.532068803806779442e+02
-1.729284179655722369e+02
-1.546663189091984805e+02
-1.587873316034888944e+02
-1.560246145545090997e+02
-1.571403624216844435e+02
-1.645899611615622291e+02
-1.608389509616530972e+02
-1.706043030710847859e+02
1.767264568167645962e+02
-1.641923412283496759e+02
-1.794388889871310653e+02
-1.697419251831162228e+02
-1.747438622530097234e+02
1.635633632785781231e+02
1.599002511806441760e+02
1.774753023402154213e+02
1.744387534176331656e+02
1.657899036487245326e+02
1.682463805451126575e+02
1.707956345002085072e+02
1.721804645621845111e+02
-1.773376844941516879e+02
1.794869629944186613e+02
1.748716688533438344e+02
1.740226696098112882e+02
1.726680655076995663e+02
1.734470152211652589e+02
1.698899836445179119e+02
4.982839513010608101e+01
4.805425775364438579e+01
5.363400929588966903e+01
6.540745358592442926e+01
7.034023197853402110e+01
7.488461465928286032e+01
6.484975482368902533e+01
6.052017929244868810e+01
5.961312154287856657e+01
5.747035881401644986e+01
7.977578265795241919e+01
9.713636983853329809e+01
1.011154560357034029e+02
8.475722630818098935e+01
9.321097258333475111e+01
8.931015741098748606e+01
1.035539145450413656e+02
4.584944280506981329e+01
3.425392367891885925e+01
4.245171110088809030e+01
4.019875435786975970e+01
3.858811668745992307e+01
3.154068006132235524e+01
3.827318121781776483e+01
2.255230357205688208e+01
2.258006824111621569e+01
1.849780699291677877e+01
1.229903364263843635e+01
2.922900393524177431e+01
2.799264084512145701e+01
1.076669858955706189e+02
1.049724913308562151e+02
1.115787127699397985e+02
1.156888401871845247e+02
1.205219344704460980e+02
1.280673744114613157e+02
1.575789362703015684e+02
1.536485276023273343e+02
-1.760778390325692158e+02
-1.623227104383537380e+02
-1.629928571947158957e+02
-1.650717540399974155e+02
-1.686237212930077192e+02
-1.744627367475732740e+02
1.748489977226033432e+02
1.781016122199892777e+02
-1.689644285426786325e+02
-1.781974612803176115e+02
-1.744186299884070479e+02
1.727092106798295958e+02
1.621713873483143118e+02
1.568834744871346629e+02
1.585854423044926307e+02
1.767045692670220376e+02
1.745767584478242611e+02
1.718114644736061223e+02
1.673314019648423709e+02
1.644187424776675925e+02
1.688394564682279508e+02
1.700348929216958425e+02
1.794256601703726517e+02
1.697309133009101743e+02
1.723933155310336645e+02
1.707014115835235941e+02
1.725826175573822070e+02
1.719493122757922094e+02
1.709037349652396642e+02
5.284836457114904817e+01
5.052035388633362345e+01
5.738167360087288671e+01
7.047246558913292347e+01
7.556050748338458334e+01
6.962486314906404061e+01
6.479570314150910804e+01
6.179885190386772109e+01
8.097773983221082972e+01
9.648486195069072835e+01
9.901323635699330339e+01
8.646992534619808168e+01
9.249915176424389074e+01
1.007054898472388800e+02
1.030540880057352666e+02
4.791922707086462907e+01
4.195393701187453672e+01
4.617922330117341545e+01
4.494544568790159644e+01
4.515117933579316656e+01
3.637205696300072333e+01
4.283025509375465845e+01
2.785809237249133119e+01
2.600336803695378052e+01
2.278908982469156541e+01
3.450770398081129287e+01
3.263657538903628108e+01
1.100095039655696922e+02
1.073238392917018871e+02
1.137443430810390907e+02
1.173305480406574475e+02
1.220419447615245048e+02
1.528243186617361005e+02
-1.795051443215319864e+02
-1.690579684644426379e+02
-1.704070136132680204e+02
-1.713752591326853292e+02
-1.751195234483545278e+02
-1.791847031047166467e+02
1.759967614926983117e+02
1.791955136035670080e+02
-1.745491040305284116e+02
-1.783951454354174189e+02
1.740105677248714358e+02
1.711038979501468589e+02
1.605999438062494846e+02
1.552988526938278824e+02
1.569834873191994404e+02
1.757184760767669616e+02
1.729765752827897245e+02
1.702163072100908607e+02
1.653884386971705567e+02
1.623271829822251107e+02
1.665674604895050948e+02
1.676007297783500292e+02
1.765018847278486191e+02
1.682507119745252169e+02
1.674555621043299425e+02
1.683791135097058884e+02
1.698994972590456030e+02
1.697553289170450910e+02
5.322913632956898056e+01
5.702120431361421993e+01
6.215840029094085395e+01
7.599208528929484885e+01
7.156935025937148964e+01
6.704355977223421803e+01
8.272428730414659981e+01
9.534138720398389921e+01
8.937797662649006725e+01
9.792853745398998910e+01
1.052822145649940353e+02
1.008774562732408668e+02
5.233930524899333392e+01
4.959911406413000634e+01
5.171813744506687982e+01
4.936072035973798933e+01
5.107739767461349345e+01
4.706698298833818939e+01
5.318027830369785391e+01
4.105202118165819059e+01
3.195205187192134488e+01
3.192066429507653780e+01
3.833325920415776977e+01
3.625884350953375446e+01
1.117069005823393866e+02
1.089145854402475209e+02
1.167635773959746075e+02
1.506457175824429555e+02
1.767182796052438789e+02
-1.762070405563344480e+02
-1.764409878170196464e+02
1.769288932648477726e+02
-1.796678884288168661e+02
1.768053244239250432e+02
1.797678462374434218e+02
1.728527853103134078e+02
1.694972754890120257e+02
1.663249065326799325e+02
1.587912691325087451e+02
1.537248822783541868e+02
1.555451768215344543e+02
1.730593387027616643e+02
1.705177009788993416e+02
1.681761193142262414e+02
1.633981022424212313e+02
1.603548318691664463e+02
1.644850013759164540e+02
1.657328291304508241e+02
1.659540581654673872e+02
1.731898975551282263e+02
1.658276933280893388e+02
1.639712791689238713e+02
1.653788794619054840e+02
1.661860854362473958e+02
1.670704302044127303e+02
5.809723007554384822e+01
6.278917911213374481e+01
6.806256058408769150e+01
7.853609398360774208e+01
7.388264625960918863e+01
8.571881615495702533e+01
9.213169456001928381e+01
1.070186392286919386e+02
9.529978859816171166e+01
1.037550112278149044e+02
9.926383427332457643e+01
5.812749754167340654e+01
5.567737679274275564e+01
5.802325454783495218e+01
5.613851275829195941e+01
5.870731942654833091e+01
4.633198117728493060e+01
5.119381216115311872e+01
5.624635886569788568e+01
4.358179017216392737e+01
4.018188022031645801e+01
4.177396102163832836e+01
1.100680695089785246e+02
1.131259084340806140e+02
1.495012628141450080e+02
1.731487367586201742e+02
1.782450814243879336e+02
1.730548480906931559e+02
1.782737152000647711e+02
1.756657075348855130e+02
1.669397047045786167e+02
1.746963900616339913e+02
1.703858879852106725e+02
1.638662378716302612e+02
1.568330354764656818e+02
1.528196603914395553e+02
1.701494354791549313e+02
1.679423140980586879e+02
1.614558370471536364e+02
1.584128898987928551e+02
1.625359924625754502e+02
1.633698918562523374e+02
1.651616495813703693e+02
1.698901928022188770e+02
1.619011156763372981e+02
1.637474147281730836e+02
1.621892815377001966e+02
1.638285193358960328e+02
1.640222173361318312e+02
6.410698303346676141e+01
6.944332975043758438e+01
7.502977092210309706e+01
8.164102089488604008e+01
8.883216252519545719e+01
1.067825681166945770e+02
9.367976553325064515e+01
1.029301366462077993e+02
9.849947414015302627e+01
6.473509212304772120e+01
6.107534114832538563e+01
6.562225118350430364e+01
6.219782115712018822e+01
6.372660540781937755e+01
6.048049693025453877e+01
4.952690942049888179e+01
5.513301884399114527e+01
4.802118959437000711e+01
1.099478893797016497e+02
1.147448423373483735e+02
1.326103335385011235e+02
1.386457714993113370e+02
1.487109418006292287e+02
1.697188517011796876e+02
1.737504280947217978e+02
1.703690646852030568e+02
1.724705993095443546e+02
1.639483916268000883e+02
1.669281040609500053e+02
1.706638728235760141e+02
1.611549320907936931e+02
1.548731477451524086e+02
1.519467916041880073e+02
1.669993948050531571e+02
1.595079882618551324e+02
1.566069122507694544e+02
1.601686526963466122e+02
1.619644771926575686e+02
1.639749577480945106e+02
1.667732813090448190e+02
1.597639006340588139e+02
1.585620218825997085e+02
1.604571416524107974e+02
1.621233817536791264e+02
1.607475284869060772e+02
1.611972894412209598e+02
1.081623712648830349e+02
7.132099829326205054e+01
7.698081157127681706e+01
8.212060726585629311e+01
8.858486827414586173e+01
1.046278609909226418e+02
9.463207914012598110e+01
1.005342916078802773e+02
7.259628569210191529e+01
6.717043036944369305e+01
7.250088939073995675e+01
6.784932036024454760e+01
6.850302651924751274e+01
6.463939423288812236e+01
6.030433843435834262e+01
5.528231869117004749e+01
1.119124096843421086e+02
1.154663850064879398e+02
1.200803876828400689e+02
1.100610773862247385e+02
1.265383223652373061e+02
1.340960633737556975e+02
1.298678992417677591e+02
1.356920296402674637e+02
1.428789136315467942e+02
1.387728999735884656e+02
1.451534411166936422e+02
1.491839733429848138e+02
1.464049944336427416e+02
1.668779585960144232e+02
1.689226424274193619e+02
1.669945088269237203e+02
1.610624583757304151e+02
1.632471389672560633e+02
1.662372603609856583e+02
1.585562684213109890e+02
1.539425236262179908e+02
1.511009198335187591e+02
1.637184927680719113e+02
1.566986877860304332e+02
1.585776436984239410e+02
1.607399573584002042e+02
1.635549426246913072e+02
1.561801967719221693e+02
1.564702870392895591e+02
1.587387457918333951e+02
1.574860604224681424e+02
1.590062159813809899e+02
1.592365364604523279e+02
1.063552483463411704e+02
8.003012484291501494e+01
8.492294003458293616e+01
9.145298144404192442e+01
1.027419728128843417e+02
9.765404392710266279e+01
7.899314858566462760e+01
7.312943065843893464e+01
7.891055361461297935e+01
7.307710184242731088e+01
6.898104210608946119e+01
7.315029849669006978e+01
6.493479940518911064e+01
6.874615128517937990e+01
6.185695691138143815e+01
1.133917728589941021e+02
1.239302371904849451e+02
1.172458538926573226e+02
1.206945085577323908e+02
1.087487601591844566e+02
1.118272489328305568e+02
1.269155075128362427e+02
1.319640675500855025e+02
1.292397081783382475e+02
1.331751422866651922e+02
1.360296917818059512e+02
1.415075891012999989e+02
1.386480007202196134e+02
1.432703820000202199e+02
1.480188348223784942e+02
1.452695549010837794e+02
1.633128522523137178e+02
1.640622067331473772e+02
1.620993758490482719e+02
1.596378360914226278e+02
1.614692558367509889e+02
1.567690779127468659e+02
1.533243101738868006e+02
1.499560849214394409e+02
1.601408408128319536e+02
1.551593079550325172e+02
1.572563174750131338e+02
1.597702677876314965e+02
1.542043543457098735e+02
1.541540366484902904e+02
1.558302248113321298e+02
1.546042343969003525e+02
1.572279231640860644e+02
1.558645615668536664e+02
1.569843578882809254e+02
1.531571072500946684e+02
1.055500114938987082e+02
8.516519956014283821e+01
8.916156304008848110e+01
9.558349946900032990e+01
1.011283265443145041e+02
8.517998553687255026e+01
7.839643260823437743e+01
8.373371991933834124e+01
7.787323598394597468e+01
7.233000417890573885e+01
7.531945790549207231e+01
7.843289480529304569e+01
7.254093237449448850e+01
6.815842128028300806e+01
1.151981943222878044e+02
1.241436143397935723e+02
1.183495330981142928e+02
1.214627004016778073e+02
1.092538596021182968e+02
1.129166535839319181e+02
1.267688741739729608e+02
1.300370849670443363e+02
1.331708248674574406e+02
1.364363219089441372e+02
1.397221421880407775e+02
1.421871089924503622e+02
1.467596393379400297e+02
1.438290280399023970e+02
1.586659771738319193e+02
1.586187726326483016e+02
1.574364850541350052e+02
1.542612452233530576e+02
1.516542213064163320e+02
1.481530368523996515e+02
1.561114256419028550e+02
1.534404343317200698e+02
1.554936823692316636e+02
1.523182829760121706e+02
1.521108382522143927e+02
1.517161277661042789e+02
1.541398380303564579e+02
1.526150726167537357e+02
1.546751944115057427e+02
1.515361009621390451e+02
1.507296194417961601e+02
1.054533332131454983e+02
9.110455749729943875e+01
9.135990026448234858e+01
9.560264836787982290e+01
1.008084965561658493e+02
8.886346409583845229e+01
8.284249796545097411e+01
8.743367549405959949e+01
8.249617242793526373e+01
7.587429397735846237e+01
7.870840693472524663e+01
8.180386281596406661e+01
7.631273263850633271e+01
7.393237110133637202e+01
9.458414320332171599e+01
1.165396825685066915e+02
1.237632508521747781e+02
1.201075764103548948e+02
1.098931885765272369e+02
1.140710666132546720e+02
1.266637779736336427e+02
1.297682190316201627e+02
1.332879424498398180e+02
1.367920346463502312e+02
1.396690585378649416e+02
1.412458393982691689e+02
1.444865449311635928e+02
1.551569410113748972e+02
1.541387346833811591e+02
1.511335603061379516e+02
1.496176456344595920e+02
1.457093906989429115e+02
1.516109995238791441e+02
1.519874807095604581e+02
1.502183359257521431e+02
1.478737869109810390e+02
1.497652666312254439e+02
1.489906344510578435e+02
1.507132350001958798e+02
1.521050739336259596e+02
1.497560004994511189e+02
1.489225077419834520e+02
1.059274243309250778e+02
9.724001494281675662e+01
1.012820402939258742e+02
9.208103871873449009e+01
8.661283800170109259e+01
9.053856639884430990e+01
8.562131581693422788e+01
8.033767258481638862e+01
8.411878055418102917e+01
8.039023408813220328e+01
9.952027355253900964e+01
9.661628602181404801e+01
1.184756720619449339e+02
1.226115532079020056e+02
1.110146592701015749e+02
1.158188535058820889e+02
1.257734261890534100e+02
1.297080440307238405e+02
1.338992473787430129e+02
1.377377960216848294e+02
1.414068140315885387e+02
1.512494362798484815e+02
1.497022059904653588e+02
1.470099211757097635e+02
1.431870819043696486e+02
1.476742663271353138e+02
1.483576806494104687e+02
1.465061165054462151e+02
1.448339778486808882e+02
1.481796502067245740e+02
1.461613128533656436e+02
1.474374978431216903e+02
1.488786019734049546e+02
1.494118462503012665e+02
1.480267491912641162e+02
1.472710626571263219e+02
1.069714072406744947e+02
1.034973041666950309e+02
1.036666374174194090e+02
9.440858783631161089e+01
8.940592701972674661e+01
9.284334680534661288e+01
8.799114615867920008e+01
8.510437691205386557e+01
9.807853546733261396e+01
1.006758567188157798e+02
1.210613491738200196e+02
1.126321286162008448e+02
1.174273612304282750e+02
1.252844135071016183e+02
1.298513015883531523e+02
1.341068044435719742e+02
1.378267591487191908e+02
1.395682625144169151e+02
1.463410447815488737e+02
1.430171735079238431e+02
1.442698926253201535e+02
1.436208293537366956e+02
1.419936411901453823e+02
1.429521371155540805e+02
1.441135293256689920e+02
1.463796369991799224e+02
1.454537122400434157e+02
1.470490807696475599e+02
1.462540460353877450e+02
1.457943008292043316e+02
1.439297779031817015e+02
1.098474241432197118e+02
1.074759984096968708e+02
1.072601829228473491e+02
1.042849925601046834e+02
9.598765469999418087e+01
9.866522161974795324e+01
9.196981106372922454e+01
9.522353385281896010e+01
9.041615869698914310e+01
1.015787361289178250e+02
1.213155239147218936e+02
1.160686812744029197e+02
1.259204715329778992e+02
1.305753124592198731e+02
1.349154159146280278e+02
1.382712192898935371e+02
1.422791745307063138e+02
1.401370073097112368e+02
1.403303078076653492e+02
1.390463730950309014e+02
1.404869385145219098e+02
1.417147629249203362e+02
1.424741156037799499e+02
1.445226920440801734e+02
1.443963709303784526e+02
1.428275940012828187e+02
1.131284718228095443e+02
1.109363437176641440e+02
1.049791548170154982e+02
1.108879699020964154e+02
1.080167491520514318e+02
1.009227679860524347e+02
9.835870793923744770e+01
9.543369106681765857e+01
1.036092296402101596e+02
1.210265076554622823e+02
1.175306298182714073e+02
1.259233766078262278e+02
1.304303281404610004e+02
1.341296768738345975e+02
1.362605448926294400e+02
1.383712881277930364e+02
1.371576699699789401e+02
1.364582762417893207e+02
1.395849761803439435e+02
1.380708960071295053e+02
1.405728955364937178e+02
1.412831840346452452e+02
1.425221115699781649e+02
1.148716467562798442e+02
1.140148450945635972e+02
1.067315641483260151e+02
1.115817813114331329e+02
1.094684971592220677e+02
1.019947217514619950e+02
9.976740748374093926e+01
1.052199980629613094e+02
1.220634513909953256e+02
1.189794380156148179e+02
1.300708865255348599e+02
1.263577298150269144e+02
1.329403906002562508e+02
1.348146382600099287e+02
1.297965983649889097e+02
1.342596249930906538e+02
1.342676013642676764e+02
1.358460253859234683e+02
1.385816443170255070e+02
1.371895078553581584e+02
1.394041326690010578e+02
1.404629152310450593e+02
1.170601312483469201e+02
1.148757355700352036e+02
1.082192063852742479e+02
1.125603338936071225e+02
1.105274332413618765e+02
1.041587995464247882e+02
1.071768662785378723e+02
1.230429086859510193e+02
1.205733785866272285e+02
1.265448265829850953e+02
1.316239451022965739e+02
1.282034733891799760e+02
1.320856045972316508e+02
1.326875345399042487e+02
1.341842279368194681e+02
1.356968658867660338e+02
1.372696261290975599e+02
1.382107036492997736e+02
1.181778380745611088e+02
1.166500051219142904e+02
1.146685109530365736e+02
1.099505829995999306e+02
1.125357705536771391e+02
1.082376004856587031e+02
1.238632932630925296e+02
1.211109298985935681e+02
1.258076011486861319e+02
1.298923123260552188e+02
1.277353299768979724e+02
1.309503895493166112e+02
1.323102507527240732e+02
1.340163343716746738e+02
1.355742631976255552e+02
1.191067466251092668e+02
1.170167594411440888e+02
1.148061713408519040e+02
1.169512083412962511e+02
1.123104196485222275e+02
1.234084836306005712e+02
1.213637973465791191e+02
1.254334350892755481e+02
1.292692870144761343e+02
1.273524320471657774e+02
1.306473258171599809e+02
1.324665726422719843e+02
1.191479991279251038e+02
1.184212599703926827e+02
1.155063311284948213e+02
1.212435173314489845e+02
1.234111719335218140e+02
1.254080175741896426e+02
1.287063898738484795e+02
1.268217874256010305e+02
1.298078338909780030e+02
1.204273934899569269e+02
1.189388261742201109e+02
1.226545496087127418e+02
1.247276199137940438e+02
1.272248174468048916e+02
1.219987516649152042e+02
1.245142242606034984e+02
