7.428292396056976088e+01
7.391183808588421300e+01
7.405145544474235919e+01
7.462911127580848358e+01
7.448953889805903827e+01
7.490949093786281310e+01
7.374144053428851464e+01
7.351748870541725012e+01
7.352045372969260484e+01
7.366892310856643178e+01
7.446243485510807147e+01
7.406723303503305544e+01
7.481511451831160286e+01
7.428270565377958690e+01
7.410521378459040420e+01
7.491340459029046883e+01
7.476179412584386341e+01
7.522060445809106000e+01
7.535363503536039786e+01
7.294770914169539822e+01
7.315971162337942246e+01
7.369173143613141974e+01
7.309713373130681191e+01
7.287428150691486906e+01
7.325685914350125927e+01
7.282708439183456051e+01
7.340406999058397730e+01
7.377589969255674873e+01
7.425984226843571889e+01
7.241936722765392176e+01
7.463089964696281697e+01
7.423311830673324607e+01
7.372578432069593646e+01
7.330599390339435217e+01
7.283643713033235656e+01
7.513751959455798612e+01
7.481065658389319140e+01
7.377066415164667035e+01
7.423273243748575112e+01
7.430679701929373948e+01
7.466868627409047576e+01
7.459711365456641374e+01
7.513111528054153609e+01
7.509380071230503972e+01
7.541187693326440922e+01
7.581257498529151917e+01
7.249967637666580345e+01
7.194207730426130354e+01
7.319996794449671995e+01
7.327299698888279522e+01
7.252170963362931388e+01
7.270977309246525522e+01
7.231076936467643179e+01
7.145116509222557966e+01
7.235909312537157234e+01
7.303400256948397384e+01
7.264376036310423501e+01
7.331552534475913774e+01
7.373866117848818647e+01
7.191638548413051524e+01
7.227578008504630702e+01
7.531507732590928583e+01
7.486862726211333552e+01
7.411558163464506777e+01
7.442436040664917130e+01
7.368496679974570895e+01
7.326135665591210966e+01
7.291346502334000945e+01
7.253918456908024837e+01
7.214103336666926225e+01
7.598437591621696185e+01
7.578140956128655148e+01
7.622642993044885884e+01
7.562681974181110434e+01
7.541733055390936613e+01
7.382952712288833652e+01
7.325402750487771186e+01
7.435822596590854516e+01
7.484709621102605581e+01
7.477343894987681949e+01
7.504642711649208309e+01
7.506933190535616518e+01
7.546930746237271137e+01
7.541815407485161415e+01
7.600455626947099574e+01
7.187330733469543986e+01
7.136277617331317913e+01
7.203616324587441966e+01
7.265325509236964763e+01
7.218809402456747648e+01
7.228820792745104029e+01
7.174121824534546477e+01
7.091464264815155616e+01
7.092657889902480406e+01
7.140145390921637158e+01
7.215002292710408938e+01
7.282347184734723555e+01
7.242072685731180570e+01
7.313169965209623058e+01
7.176648755034470639e+01
7.177343952109595193e+01
7.544714944126936018e+01
7.563901508924013228e+01
7.492504915079601346e+01
7.369157941812615320e+01
7.443916123762176085e+01
7.400804221949715611e+01
7.327853243739046718e+01
7.287730762463992562e+01
7.251788268406691884e+01
7.171634844336128367e+01
7.210689653234518914e+01
7.657175586472004625e+01
7.634008694814284013e+01
7.598329448606739334e+01
7.699406377624089259e+01
7.615509365001886977e+01
7.660579873501775694e+01
7.601698164609956621e+01
7.396670152504580642e+01
7.327207713914395981e+01
7.487869734733185112e+01
7.456631676825550414e+01
7.368529988540358033e+01
7.350544576306229771e+01
7.381666024071010668e+01
7.529650642321909970e+01
7.534769234077731426e+01
7.550168944252071412e+01
7.600526792263923426e+01
7.127700266068632118e+01
7.043234951204267702e+01
7.081372027950094150e+01
7.161492447384328841e+01
7.156271787659981953e+01
7.129527219289131779e+01
7.037969874440969420e+01
7.032737258400815961e+01
7.078986604448077458e+01
7.121718197356467783e+01
7.199840350510721976e+01
7.242320351244659093e+01
7.157325186459479482e+01
7.126515974417000621e+01
7.122716977482187417e+01
7.528851671892641662e+01
7.496691449247096273e+01
7.543640791231570120e+01
7.515377679610617179e+01
7.432130367291570394e+01
7.338647380997434766e+01
7.381184016127053837e+01
7.289157442816429011e+01
7.240480384192851204e+01
7.159565320266143829e+01
7.184734550636179051e+01
7.116779681830041682e+01
7.698757347801530670e+01
7.679831832196735775e+01
7.647457025005057574e+01
7.616561267214542852e+01
7.551309257562500932e+01
7.636023230824046948e+01
7.742903850444488967e+01
7.785181102637115202e+01
7.743516372264512881e+01
7.703855909685540837e+01
7.663717713798104114e+01
7.565639505565819434e+01
7.428234575916293636e+01
7.524281671221511658e+01
7.487780166336193588e+01
7.443244903428222869e+01
7.453657230279314660e+01
7.528837437599767668e+01
7.582687151729516017e+01
7.591793588963864181e+01
6.987433616171379924e+01
6.992587527689377680e+01
7.074120504197890114e+01
7.024127712507311116e+01
7.078772712340190765e+01
6.974726388827511414e+01
6.994683658957809769e+01
7.039112357523210051e+01
7.085309525946482267e+01
7.121066812446383665e+01
7.169721864380491638e+01
7.078536877620913970e+01
7.072908566182765355e+01
7.057819201202731563e+01
7.434468606017267689e+01
7.447816104456698838e+01
7.432812193588829075e+01
7.443625814706832955e+01
7.361045586961185450e+01
7.311313727880913405e+01
7.251485530980190219e+01
7.189055080429733380e+01
7.126316683761825743e+01
7.071018748953203215e+01
7.487522781038160247e+01
7.750360658208111886e+01
7.731696124173107876e+01
7.711365678163176085e+01
7.599582153078065971e+01
7.722245170752817955e+01
7.671220208486458603e+01
7.823989787566529230e+01
7.834841815770167273e+01
7.792360071966943735e+01
7.779959470259764487e+01
7.737105694502444919e+01
7.874530317356044407e+01
7.587752894078340660e+01
7.623792699489339952e+01
7.498362562364778228e+01
7.546607985722836531e+01
7.527478516290582888e+01
7.644285248812937539e+01
6.930069115696507254e+01
6.936090615132457060e+01
6.953294887360691234e+01
6.996031151230033629e+01
6.898723232228093138e+01
6.934215181134754857e+01
6.957602342155772135e+01
7.005290666397023358e+01
7.057567325633478106e+01
7.101335321149153401e+01
7.031109585783147509e+01
7.021885219593089289e+01
7.008395143139799188e+01
6.992464045336207334e+01
6.947936316310520510e+01
7.437509668966252718e+01
7.377278866201405094e+01
7.010046318732979387e+01
7.309495710962897874e+01
7.342377954590530464e+01
7.346928672992328302e+01
7.350006993730444549e+01
7.272304313249328800e+01
7.193172492915442717e+01
7.121135750813679977e+01
7.058492443066624844e+01
7.541089324299596797e+01
7.501379303340058868e+01
7.629007392390428777e+01
7.807079156924712038e+01
7.797877871334928557e+01
7.798630926301356681e+01
7.795938147229669823e+01
7.695389282979991208e+01
7.751040689313674648e+01
7.878408391920935117e+01
7.879569068681043120e+01
7.838065244287989231e+01
7.816413116693074414e+01
7.914399621629893034e+01
7.929934049071684399e+01
7.685434315948660355e+01
7.628480273117962440e+01
7.670254937574449627e+01
7.590496874088749735e+01
7.742006450288312180e+01
6.883499759872343304e+01
6.855108572178312443e+01
6.880436089639543695e+01
6.884861169108766887e+01
6.827834325650447056e+01
6.875145322510793733e+01
6.815372802397503449e+01
6.906017729494968194e+01
6.954261826460491136e+01
7.019525626525228290e+01
6.957548563835015898e+01
6.974506156939011703e+01
6.922663221284469159e+01
6.932994650414285331e+01
6.894742364095748144e+01
6.907098189412961631e+01
7.390548149513682574e+01
7.320918296827757388e+01
7.252392396630220617e+01
6.967076447309756304e+01
7.181468685485944548e+01
7.212893919756753291e+01
7.233401802051417917e+01
7.252072060665308584e+01
7.166478390741673365e+01
7.088534984555941776e+01
7.021707173109419386e+01
7.355327088129203617e+01
7.461372694683473128e+01
7.595583244778855203e+01
7.547778438188872485e+01
7.698626041646026863e+01
7.874436677215260261e+01
7.876410482147514358e+01
7.867685385318257829e+01
7.837387935659877769e+01
7.780890184635005369e+01
7.940565516505505173e+01
7.935797604721236098e+01
7.896830507008266409e+01
7.963224762819039881e+01
7.984304550615443929e+01
7.737418861646976609e+01
7.794708863574211932e+01
7.706272756356841569e+01
7.829835959505814458e+01
6.813544615474812360e+01
6.782636532845130262e+01
6.783420418031354870e+01
6.715651497416720872e+01
6.760986274049778899e+01
6.847494867583736777e+01
6.784053889360744449e+01
6.883686112806026358e+01
6.936268631785472394e+01
6.863184234594288569e+01
6.906988663555553387e+01
6.860291389630897640e+01
6.876367756543075416e+01
6.844475297652776646e+01
6.811810406544493901e+01
6.854469390459539113e+01
6.880572759696649143e+01
7.326496932217185076e+01
7.258773505289485684e+01
7.262635143556187245e+01
7.196746102801387224e+01
7.296430521373623890e+01
7.124042854884889664e+01
7.056805288437638524e+01
6.928564222388280314e+01
7.085913926929788431e+01
7.097787323930150194e+01
7.126760010056794670e+01
7.044243564511916134e+01
6.980345993855266329e+01
7.427284212828551802e+01
7.517612531436344625e+01
7.637323538775292775e+01
7.599088478226140353e+01
7.719656782925018490e+01
7.408533528791522826e+01
7.372781924799500075e+01
7.242706193827133632e+01
7.812895949757667324e+01
7.949254700625705539e+01
7.936151406464153979e+01
7.919719100990326410e+01
7.877645179470893311e+01
8.005214584468050987e+01
7.995482320158912160e+01
8.013449943868187120e+01
8.046652906112831261e+01
7.861859972134294594e+01
7.811133100259316109e+01
7.912335747574022093e+01
6.712708197001222743e+01
6.828301772162996031e+01
6.636662513590751189e+01
6.682508758941069971e+01
6.556488024809073067e+01
6.723940026342737042e+01
6.818136924373723673e+01
6.752527911106972169e+01
6.850467972467461664e+01
6.788635545501146851e+01
6.835775599604522768e+01
6.809881020273520846e+01
6.815531755327508279e+01
6.791048845775489440e+01
6.761817987380153738e+01
6.770470881517476869e+01
6.848317760806833121e+01
6.782080370177548900e+01
6.808149353324745334e+01
6.814941179337320420e+01
7.214907427633949055e+01
7.075000227322503576e+01
7.170807811882082206e+01
7.133405455416517782e+01
7.176124752715200827e+01
7.085927691914669424e+01
6.995818863233250795e+01
6.937661997255192148e+01
6.959594661373752444e+01
6.881832024480227972e+01
6.973334151225539301e+01
6.986047685689680975e+01
6.927842738953937385e+01
6.791774406043961676e+01
7.506380221707544820e+01
7.599187489453962030e+01
7.682021534008450203e+01
7.488576162862209173e+01
7.334067389509182533e+01
7.444844239663417795e+01
7.218049074394613740e+01
7.134219951798905868e+01
6.971647700346069598e+01
7.933647689478229381e+01
8.025291940889727016e+01
8.001930896504256907e+01
7.996020582551403777e+01
7.977281559340049455e+01
8.072207184587726658e+01
8.074948117135360803e+01
8.114249478588750719e+01
7.928115361216400458e+01
7.981829841688795568e+01
7.918288271959362135e+01
7.996487112549530707e+01
6.587109091177782716e+01
6.766526755320607833e+01
6.747795069285577085e+01
6.812156818752625043e+01
6.728643720216888369e+01
6.485903370377523913e+01
6.489012628221766477e+01
6.607418019143649701e+01
6.654404188594379832e+01
6.545630752074173131e+01
6.688189757126713175e+01
6.760987689714670523e+01
6.731015871766898329e+01
6.713184757690959259e+01
6.768893049524263006e+01
6.616555942636487941e+01
6.745958491867001783e+01
6.752630219654065513e+01
6.720426414920947877e+01
6.769400045771163832e+01
6.728432712536056215e+01
6.742774687771246533e+01
6.622735177506628190e+01
6.858285628818032365e+01
6.970358946868563521e+01
7.101603560950424310e+01
7.017543822632822526e+01
7.055819543170866837e+01
7.029348359388092149e+01
6.888164169617374455e+01
6.833320022844644370e+01
6.757771543010578341e+01
6.841529417464370511e+01
6.806899467204301857e+01
6.862001550571821440e+01
6.848493206022291702e+01
6.715600226552267316e+01
6.710041225454962444e+01
7.591183602382204754e+01
7.687639107518327819e+01
7.781211260415933850e+01
7.564707135859244147e+01
7.344628408537737130e+01
7.486298920548694014e+01
7.245472695238754568e+01
7.102184031648383211e+01
6.854325303210922016e+01
7.892634560300919588e+01
8.001234659085830003e+01
8.086752092780835710e+01
8.044541146141918375e+01
8.067512770981976189e+01
8.062366028953321972e+01
8.135886074925537059e+01
8.159696430070866313e+01
8.178923500038689554e+01
8.068398822223912248e+01
8.045491075304309447e+01
8.025201511913911645e+01
8.086255694637388558e+01
8.130039540775105422e+01
8.196112244692108106e+01
6.479516681960276969e+01
6.713766788708961997e+01
6.696075847422382310e+01
6.685345609695816904e+01
6.741549660339710215e+01
6.677476059744307690e+01
6.383691615710971234e+01
6.418744485736945649e+01
6.465479543797448514e+01
6.604105378411161098e+01
6.534102598941016993e+01
6.659362216675390300e+01
6.680177816052872686e+01
6.698492543270447186e+01
6.697337156894084842e+01
6.665424811561405249e+01
6.683034352359084096e+01
6.651581942762361166e+01
6.760250350126688090e+01
6.895384839744943406e+01
6.911357584455699055e+01
6.798363174994508995e+01
6.655968146937269125e+01
6.658095226190013705e+01
6.714134078594838684e+01
6.730559556946245436e+01
6.718981855727386687e+01
6.739580722491152187e+01
6.630969515554207305e+01
6.626600882506073731e+01
7.678771421463518720e+01
7.776285370054527846e+01
7.859913732249600571e+01
7.631009439072249734e+01
7.382730007267487338e+01
7.525315527248609726e+01
7.250920401157097217e+01
7.171679908840593498e+01
7.015478707351017817e+01
6.658414754022672355e+01
7.984266234193843559e+01
7.953135128275168597e+01
8.232089152632619289e+01
8.063360867536445653e+01
8.110466266372425537e+01
8.142502404414619832e+01
8.130599540119303015e+01
8.135078438955463298e+01
8.194218435327309180e+01
8.240152164138388002e+01
8.235133971330927238e+01
8.307695206938153376e+01
8.240464130624921779e+01
8.288239116520108496e+01
8.148406812897789564e+01
8.137452345501459661e+01
8.196700706210967269e+01
8.251364382554324095e+01
6.261797202246336980e+01
6.314378401809234731e+01
6.657442362869088015e+01
6.635113146067719470e+01
6.636390681075017994e+01
6.654775386264660142e+01
6.621639071009818167e+01
6.327602580735374715e+01
6.386076852088095990e+01
6.459132141665780580e+01
6.551143835246035962e+01
6.602184363817589485e+01
6.627831934345738318e+01
6.584992499610903849e+01
6.653746760836162366e+01
6.715028629486445766e+01
6.548193121880693468e+01
6.548957192282591677e+01
6.568436973410511825e+01
6.606081826024156101e+01
6.615472708390956313e+01
6.623303182647164533e+01
6.533295718553405607e+01
6.547341580477313983e+01
7.760365686436522026e+01
7.865552858770253408e+01
7.672383005949595258e+01
7.378427462858915931e+01
7.539694697075550778e+01
7.124684645029341823e+01
7.272364835456578191e+01
6.949846272674638215e+01
8.105762649491462923e+01
7.985154447925317811e+01
8.070110474380416576e+01
8.320564741657959473e+01
8.164948169661580835e+01
8.196330470049613837e+01
8.213078495362252340e+01
8.207881313919675392e+01
8.274652033488276004e+01
8.297049084299010246e+01
8.355588257073361547e+01
8.377575438377506600e+01
8.292714359881922803e+01
8.336932049166496483e+01
8.342981060542628313e+01
8.336591891290308354e+01
8.304282037035613939e+01
8.221868138141506677e+01
8.254588887574985279e+01
6.225833218675563074e+01
6.144112929409706680e+01
6.157884235611253132e+01
6.584430613115297604e+01
6.504238599401085708e+01
6.600974556071096799e+01
6.571217103470486620e+01
6.580851343968643619e+01
6.574531162838638920e+01
6.557897732383207767e+01
6.289733617501948260e+01
6.360768606142293180e+01
6.423161944523091904e+01
6.447696489208311732e+01
6.544350983210861727e+01
6.520407643893919669e+01
6.536762671085911336e+01
6.470342578899469288e+01
6.439696465938321523e+01
6.459826097123888644e+01
5.367642664268976915e+01
6.447514180995219135e+01
6.470049768570656568e+01
6.494429140488081487e+01
6.503943879680836915e+01
6.415413659965739157e+01
6.454323095169726798e+01
7.794921136444023091e+01
7.924965349212524757e+01
7.686860357085176076e+01
7.557883247232732060e+01
7.421519997264731217e+01
7.171382934588432079e+01
7.322327771420069098e+01
7.006841510725662658e+01
8.215082084689618114e+01
8.174312482316459239e+01
8.063063926851677365e+01
8.160275751685047396e+01
8.374075375925576736e+01
8.416807225766841327e+01
8.258455606015209582e+01
8.283556091257482024e+01
8.296463885467208854e+01
8.358586392589727154e+01
8.420067817851564484e+01
8.443263241556087451e+01
8.379255307238111072e+01
8.384877548652082169e+01
8.394863308471298069e+01
8.425899737118723465e+01
8.358793209195832219e+01
8.308398239193613222e+01
6.172459174598127873e+01
6.121241348078525135e+01
6.012125214398179196e+01
5.997687838450541165e+01
6.512769234695790033e+01
6.453540019289711438e+01
6.421801346425245072e+01
6.371225202952617650e+01
6.536044425576791639e+01
6.504539843223895446e+01
6.503493800674043257e+01
6.500480637349248525e+01
6.449060431406505245e+01
6.240717537891305255e+01
6.248676940534543434e+01
6.418933552044870794e+01
6.447217645734920666e+01
6.443872539645775532e+01
6.382500798244331719e+01
6.349512781961455232e+01
6.311619883257375818e+01
6.299865370947041043e+01
5.734317835868903046e+01
5.555831312568570013e+01
5.075000037482303838e+01
6.350711115617593094e+01
6.209653209870152324e+01
6.311436942504037262e+01
6.360100203772837801e+01
6.383075942321582374e+01
6.392270621771965722e+01
6.325163420018876081e+01
7.838306311001392146e+01
7.996866052093660926e+01
7.723776230984667279e+01
7.585980231030301013e+01
7.420746551193582263e+01
7.243032059899270791e+01
8.317720793266612134e+01
8.269935202552083808e+01
8.140842811637776322e+01
8.259992599932937196e+01
8.461024771445013926e+01
8.488636083598944992e+01
8.364636367580510523e+01
8.386190873650684807e+01
8.455325169945250252e+01
8.500081927555679329e+01
8.418685113400825060e+01
8.444784923026880108e+01
8.446887298986779058e+01
8.492713952668526645e+01
8.378639369371373391e+01
8.308978359501004718e+01
6.019277140570589069e+01
6.015908254424259383e+01
5.878411000952976906e+01
5.833243596013129917e+01
6.441385744256899670e+01
6.308072574282881106e+01
6.380086276760936670e+01
6.350423116822675240e+01
6.289062189829813576e+01
6.449359861038756492e+01
6.427334762396056078e+01
6.387144212232238516e+01
6.379679448122774943e+01
6.094950864053816986e+01
6.117765298513846517e+01
6.266123191291523398e+01
5.972901236134794090e+01
6.358932146629077664e+01
6.361723903680319836e+01
6.308808255637769236e+01
6.271689525683468958e+01
6.260102842115672672e+01
6.235306079712925253e+01
6.112995446615440898e+01
5.919256522715602387e+01
5.741899916542716653e+01
5.644215696062110510e+01
5.439902476331270265e+01
6.233253145188444222e+01
6.083547577532777240e+01
6.216464721409147387e+01
6.247976481661181936e+01
6.272909127115933359e+01
6.205481101930674015e+01
7.885885625678530175e+01
8.049311004804263803e+01
7.737226203607617947e+01
7.463928801534328272e+01
7.590795455880326870e+01
7.305649161210226339e+01
7.008666621468569247e+01
8.428898835104438092e+01
8.393404805082452924e+01
8.233621485745216262e+01
8.364865417970501937e+01
8.534304790598616819e+01
8.566442537992773509e+01
8.493091087925255067e+01
8.558104524355428566e+01
8.447956847163673899e+01
8.490439850412938938e+01
8.507055781984320220e+01
8.568939339312566972e+01
8.396312730302666694e+01
8.302384934805677119e+01
8.236141486544583756e+01
5.860729979946682988e+01
5.775865867456595026e+01
5.658684537649406820e+01
6.353910342756549312e+01
6.223144496876661691e+01
6.165962359558815109e+01
6.288424493805371895e+01
6.214166561553341950e+01
6.347221435026593639e+01
6.303721687580733857e+01
6.303301261090001617e+01
6.004094898004439074e+01
6.048664637696504087e+01
6.096539970433975952e+01
5.893945347346397057e+01
6.254564952059717342e+01
6.233260488023812940e+01
6.205045674014231594e+01
6.183846437663804352e+01
6.154324620270504198e+01
6.148300545966487363e+01
6.118398860381417848e+01
5.928602582347227923e+01
5.799443959744312593e+01
5.668670707623126503e+01
6.123860301260612005e+01
5.988593519283623579e+01
6.105045649273639441e+01
6.142474019010079900e+01
6.097610998555876449e+01
8.176072225272021399e+01
7.880591711241078201e+01
7.993215990625968459e+01
7.717548319756345165e+01
7.426489138491771769e+01
7.567139320433230409e+01
7.183996385854837285e+01
8.540659950482245222e+01
8.513986681619294927e+01
8.399133775088772325e+01
8.632771731581499353e+01
8.664468520017049968e+01
8.629844314176162356e+01
8.476042685429152357e+01
8.536910046828658949e+01
8.573798293238542101e+01
8.662068388843876221e+01
8.158408220334924010e+01
8.459587288639407632e+01
8.382735067706011023e+01
8.330436435572181608e+01
8.261025643795181850e+01
5.791467348967895390e+01
5.697827507497449062e+01
5.576351975528005767e+01
5.470929693409716776e+01
6.265344372597766665e+01
6.068410014308178546e+01
6.135705215467161366e+01
6.193936276092733806e+01
6.116656112467165229e+01
6.242065870196835675e+01
6.214331345572746557e+01
5.920278937302860101e+01
5.917567991696029850e+01
5.968103574200161177e+01
5.992296546440697824e+01
5.809344678206957724e+01
6.161408647261387017e+01
6.117321833804293618e+01
6.100682615369791506e+01
6.065123538518021462e+01
6.026446165023605772e+01
6.014664759150538487e+01
5.991763502007452757e+01
5.866076474432917820e+01
6.011279717932173838e+01
6.006548561637951167e+01
6.006104168838117374e+01
8.279574642867211764e+01
8.087176970811809440e+01
7.807853560212141986e+01
7.898846925345091563e+01
7.643317501664323288e+01
7.382926738521942411e+01
8.687573279360455558e+01
8.620360498714573794e+01
8.492201881223346049e+01
8.764104411193699207e+01
8.789096529406279501e+01
8.559175707709277958e+01
8.641238904848690083e+01
8.761681573593033079e+01
8.047557849769994220e+01
7.965380600867253236e+01
8.171643301241712720e+01
8.512576462598535443e+01
8.416780575600441239e+01
8.348518775589455743e+01
8.261801335220981457e+01
7.891284476220008059e+01
7.833009152369322692e+01
7.739814063120080334e+01
7.616887490648554149e+01
7.607072447926715597e+01
7.519288790693414626e+01
5.257699887794460381e+01
5.676124099152941227e+01
5.556821653800712824e+01
5.411514396657145909e+01
6.152783757529371655e+01
5.951743293940137391e+01
6.031101264099546455e+01
6.076363750731341185e+01
6.004588505436512236e+01
6.129508754385579294e+01
6.089727597414174198e+01
5.814561594396153765e+01
5.847092599358035159e+01
5.880091264193309541e+01
5.701104585699974336e+01
6.014122612755875252e+01
5.973699573976401922e+01
5.890009387325544310e+01
5.925031708546224962e+01
5.871549544107631391e+01
5.881639446933639448e+01
5.855940770857890243e+01
5.914415417810014475e+01
8.338947572971679278e+01
8.162494399212363305e+01
7.978656002115647539e+01
8.018420598863811222e+01
7.728125039373419725e+01
7.829954256869395124e+01
7.460158665931430733e+01
8.838579431714886425e+01
8.676242837807136254e+01
8.466483313466282823e+01
8.940483957304347484e+01
8.654296300436242007e+01
8.788298105322668619e+01
8.562134533434839057e+01
8.094431067027201721e+01
8.007920755755802134e+01
8.197474168480253809e+01
8.433062019448664159e+01
8.313861152974790514e+01
7.921754543966410722e+01
7.817729293768255161e+01
7.763755877701721886e+01
7.687923227312661822e+01
7.587131919957616333e+01
7.507718349543847580e+01
7.513224041015485000e+01
7.399314179676434833e+01
5.218668536961989446e+01
5.041676502286493644e+01
4.991745406935707052e+01
5.560408173647913088e+01
5.445635972434991601e+01
5.317939012778950314e+01
6.023753430298214795e+01
5.827796153257664713e+01
5.903533725962419965e+01
5.946210836373276720e+01
5.875806454128345990e+01
5.961226874314767343e+01
5.723599614238226252e+01
5.766298652252565660e+01
5.595902008001711891e+01
5.708184897134868407e+01
5.872492320583732806e+01
5.809546731742278070e+01
5.736635788071928488e+01
5.769809900304820616e+01
5.717777499654821582e+01
5.750686239487164642e+01
5.779018330515224022e+01
8.253550990694755285e+01
8.104264363114727132e+01
8.272458831963326986e+01
7.864543156687639680e+01
7.944478705223406223e+01
7.616245481451299781e+01
8.830798089965087172e+01
8.611154177257579079e+01
8.424343582192497593e+01
8.801974583410465414e+01
8.661493287866493063e+01
8.494562146680235060e+01
8.124664987310256947e+01
8.046655808657185105e+01
8.221417482750395322e+01
8.358309701533397629e+01
7.974677864911242864e+01
7.853664155514563561e+01
7.756421947197652855e+01
7.704732393356502484e+01
7.656316103171107557e+01
7.568593476880488424e+01
7.474130500055858306e+01
7.366392281014424270e+01
5.178831024655301718e+01
5.024955178970219549e+01
4.883213305066313836e+01
4.823247602756382690e+01
5.432631750450660491e+01
5.314250141851758968e+01
5.851563036647945637e+01
5.748330053197224032e+01
5.767131303997790326e+01
5.768489720881820659e+01
5.609847218270134306e+01
5.460566921375982474e+01
5.597637836967663816e+01
5.669425902786816351e+01
5.607563491016211543e+01
5.593936105357906996e+01
5.595284916163064537e+01
5.570255391564890601e+01
5.630267705476618545e+01
4.369261204727758496e+01
4.477702545396179090e+01
4.211261780022775980e+01
8.253781697624391711e+01
8.081625939315836149e+01
8.126710124852972683e+01
7.884534316406512744e+01
7.714701316837600586e+01
8.654457264533273531e+01
8.587391383848699888e+01
8.394416858923048608e+01
8.561584331602239217e+01
8.387354564001012136e+01
8.111430718610006352e+01
8.242213910589124737e+01
7.964285375266823053e+01
7.819541656690221032e+01
7.721845895631395251e+01
7.645664037843884842e+01
7.600459728748269583e+01
7.490807850568319282e+01
7.296362202617835635e+01
7.670346387322133808e+01
4.676496522304928760e+01
4.700022993581962538e+01
5.163113294107618856e+01
5.001363986830352104e+01
4.852372347391668939e+01
4.725258929963466414e+01
4.645771689979520147e+01
5.263445019344870701e+01
5.644815961462479237e+01
5.592608509737269884e+01
5.540852805783224255e+01
5.451292093792665838e+01
5.295461343066958193e+01
5.417811897325860571e+01
5.445862746628343132e+01
5.441215928116783829e+01
5.439298454497202329e+01
5.435159413469868639e+01
5.404856176696439718e+01
5.438549323999087193e+01
4.330209348373675482e+01
4.022020724966392180e+01
3.992335257330194054e+01
4.152169631870839339e+01
3.979676510595019323e+01
2.984793282588984198e+01
2.788150544367949379e+01
8.180464418331187915e+01
8.077908939224386131e+01
7.959910794874822670e+01
7.973944659636856613e+01
7.786319687188708372e+01
7.659260171889373225e+01
7.413800887723920141e+01
8.459257026503271959e+01
8.405293175432896646e+01
8.226155864318128863e+01
8.315837706003873109e+01
8.200359569629347334e+01
8.084349879202247280e+01
7.911088219655574960e+01
7.755676930724152385e+01
7.608577755050758640e+01
7.587716351238159973e+01
7.520761844081913239e+01
7.366521923332523158e+01
7.530204994478815195e+01
4.425065554981913607e+01
4.489049721233577372e+01
5.064619845786684493e+01
4.467340894673902341e+01
4.855303303257928604e+01
4.684798597835355594e+01
4.550407663446865314e+01
5.095477541987716563e+01
5.413646436989377975e+01
5.301782046379595670e+01
5.208539412105059796e+01
5.230810107682124510e+01
5.282758429266559119e+01
5.265531267856857056e+01
5.279510841758015260e+01
5.267269682674977815e+01
5.144395997497981909e+01
5.243213824866791128e+01
4.184005976773543267e+01
3.599812633617887769e+01
4.030579526674525681e+01
3.787714794501364679e+01
3.638625073056191894e+01
3.895758670365871268e+01
3.747421872350187044e+01
3.381112469291059597e+01
3.265327588235581402e+01
2.910623679809587117e+01
2.654883455412451099e+01
2.541364271454034096e+01
2.412518539629715519e+01
1.883532557282207165e+01
8.037880209723525127e+01
7.995200972774182446e+01
7.899686079132568750e+01
7.828050186664550836e+01
7.641161541609673691e+01
7.392078447952090414e+01
8.253588078532764882e+01
8.166144095703506878e+01
7.991097969879756135e+01
8.106036986619739082e+01
8.075970055181214491e+01
7.997659513336078874e+01
7.808017711740554034e+01
7.647028813451470342e+01
7.499190805358122702e+01
7.439218309953372454e+01
7.408541050959372853e+01
4.276691853740955906e+01
4.276192477060445185e+01
4.863983393401830568e+01
4.336838313583778159e+01
4.646542995312290714e+01
4.470242150040670737e+01
4.930976542430910570e+01
5.096224947131857164e+01
5.093028765247765932e+01
4.981430345743515176e+01
5.121021158819853980e+01
5.068933563255283303e+01
5.095034459559598616e+01
4.976706664709105610e+01
5.029309892485567701e+01
5.171987194563744339e+01
4.054465039419585537e+01
3.878345401785819746e+01
3.180305507438979618e+01
3.720869836877015757e+01
3.493933824779259112e+01
3.561556814695217099e+01
3.090161390061932778e+01
3.207321176953470854e+01
2.865222772428398557e+01
2.567929516298371340e+01
2.371575758563176706e+01
2.353361429321368092e+01
2.162631090791403921e+01
7.880229012301170144e+01
7.846258455171374635e+01
7.807629622852505236e+01
7.710557221467772138e+01
8.018645724045308043e+01
7.901447126099344587e+01
7.863211187214861297e+01
7.769360971223299828e+01
7.880717334075086455e+01
7.848951458599469788e+01
7.668269148802546908e+01
7.517924224791400434e+01
7.386319563022860279e+01
7.253890434094742545e+01
7.241627744869232686e+01
4.045211999276207848e+01
4.107826373185797308e+01
4.861381426166893505e+01
4.650387447023177856e+01
4.231007588378186313e+01
4.412411798251091000e+01
4.673893930112534889e+01
4.842417931001267561e+01
4.768641388506444656e+01
4.925906442723961476e+01
4.863719786014245017e+01
4.796560371787278143e+01
4.918676888705229544e+01
4.840270999894973158e+01
4.783212580870591069e+01
4.995894000969800430e+01
3.751759733589675250e+01
3.553592356847335765e+01
2.849607919574605930e+01
3.329729582957521217e+01
3.242313124451698059e+01
2.849390368336905510e+01
2.920311954138512078e+01
2.596988156022490912e+01
2.369955609585951706e+01
2.231609223583392065e+01
2.088925847230572685e+01
2.069166493637606763e+01
1.676267379238115396e+01
7.715900915121024184e+01
7.694653282342729028e+01
7.633867393665752843e+01
7.608045108476083840e+01
7.745635313084784457e+01
7.658475783209836152e+01
7.586058001458307842e+01
7.674009626677286633e+01
7.548860966464029332e+01
7.360756186589256345e+01
7.531956120666201571e+01
7.416289003489708875e+01
7.223658970126491852e+01
7.004723038212503639e+01
3.801450306156436909e+01
3.936216833466113485e+01
4.644670375829187492e+01
4.581052319231543635e+01
4.354196067201888809e+01
4.109180187337093315e+01
4.398946191624072810e+01
4.498869466379459681e+01
4.675611656234267599e+01
4.653774468143808463e+01
4.715679307373071794e+01
4.597344551704490101e+01
4.735697909371867098e+01
3.373719785703500662e+01
3.433176289032358142e+01
3.076989613767576870e+01
2.567921369079724059e+01
2.902798453032177406e+01
2.540590653057352810e+01
2.591964150494958474e+01
2.302143397318832641e+01
2.088033947177024174e+01
1.906479260838370493e+01
1.722194257626162539e+01
7.567430647875293914e+01
7.446101415127942857e+01
7.444069025311046062e+01
7.530706257128031211e+01
7.470671755497664890e+01
7.435060779432153311e+01
7.477463709969541128e+01
7.401266016152929694e+01
7.372360924514867975e+01
7.232590943138576733e+01
7.337510017523720762e+01
6.973016067305796639e+01
3.578737308291382391e+01
4.464468710751881275e+01
3.765489549257466706e+01
4.356586823709205447e+01
4.232683375933629577e+01
4.008443753939022969e+01
4.112356303036720107e+01
4.285147421269025614e+01
4.475700876287232433e+01
4.522866015528348527e+01
4.376372324331924801e+01
2.955855914282102859e+01
3.120284783390200900e+01
2.505643403162515526e+01
2.647622451485086970e+01
2.243232911538925123e+01
2.409027503578634466e+01
2.221386919396464421e+01
2.002360806758463241e+01
1.796231922024197303e+01
1.540394642498896438e+01
1.112643599637186931e+01
7.367380871979477774e+01
7.247710657132037682e+01
7.105466970032871643e+01
7.342204771728596313e+01
7.286825790126182767e+01
7.212916112372801081e+01
7.252144634886707308e+01
7.222158193451112140e+01
7.063729723082637690e+01
3.310492917779622246e+01
4.157342012774324758e+01
3.564353004461003849e+01
4.016424026387259971e+01
3.853296942950098725e+01
3.722929669856069523e+01
4.222337616944276562e+01
4.024449142432819571e+01
4.306330065624992187e+01
2.654443904637856733e+01
2.823757781553538493e+01
2.213204782438244678e+01
2.110875626850112496e+01
2.172779852661463806e+01
1.948037759142780700e+01
2.020089556200746372e+01
1.894050695092621339e+01
1.715063314877197698e+01
1.469970543803854035e+01
9.375587746950586165e+00
7.193783032976753589e+01
6.946703206733030811e+01
7.129550549544245541e+01
7.027469962104511580e+01
7.002784797418298979e+01
7.069592608308202841e+01
3.101611778029920075e+01
3.857974660829220426e+01
3.316839737820765777e+01
3.681101129966662455e+01
3.471334897256453900e+01
3.986720499957209540e+01
3.776148392083577932e+01
4.046605938530380087e+01
2.638304475122755122e+01
2.326406778220908578e+01
1.850933624562444990e+01
1.785758256320426796e+01
1.777091033402856368e+01
1.767527675286491728e+01
1.622442233777604770e+01
1.635299181467619434e+01
1.248189432812625732e+01
6.933229608707864600e+01
6.797822853026981704e+01
6.523045942612810677e+01
6.744838220290459674e+01
2.494884396202197863e+01
2.886592824359558307e+01
3.584454533676927213e+01
3.074599046367961819e+01
3.384745057220539621e+01
3.159380637643405265e+01
3.523982173098630000e+01
3.728441832394455702e+01
2.204917169167552515e+01
1.854661720985628648e+01
1.454563353659487746e+01
1.475370484155697426e+01
1.424120337612206200e+01
1.430116450265384387e+01
1.335010870153278262e+01
1.145759502249925355e+01
2.103398109188699650e+01
6.598590551145758809e+01
5.940160932236364033e+01
5.612514746547931566e+01
6.331043113762296315e+01
6.203872107542068193e+01
6.350105655892992473e+01
5.935784243533865379e+01
2.057347936594475257e+01
2.377012107517210282e+01
2.710294687389954760e+01
3.295227267263882709e+01
2.834828179093637246e+01
3.038915786290731447e+01
3.384882481416072864e+01
3.213698708393680192e+01
3.482631414322179353e+01
1.733248831243848542e+01
1.412261371020863976e+01
1.074970204292872999e+01
1.099358656643580012e+01
1.119039585340368959e+01
1.055135027330507569e+01
7.526681480356149478e+00
1.738095556592938706e+01
6.194203709315319628e+01
5.631869430210088723e+01
5.433854226887337546e+01
5.258800564516959497e+01
5.208005832816353831e+01
6.055412550745532485e+01
5.941378417053549299e+01
5.980893069463532896e+01
5.830944652907962933e+01
5.571260919125940347e+01
5.657741048372708548e+01
1.762567820760556003e+01
2.142124377227232301e+01
2.487273273751976177e+01
2.913506122295280676e+01
2.675305261512814070e+01
2.949016612837062823e+01
1.420319381076067877e+01
1.208451062412579624e+01
9.156508621798762348e+00
7.804525959975216587e+00
6.468112556127366908e+00
6.987604283939187866e+00
5.593893537843554142e+00
1.357647259045840471e+01
5.937532390542006766e+01
5.878805108209650143e+01
5.382834546735923453e+01
4.798215211061202012e+01
4.961686410734112229e+01
5.204703299381740322e+01
5.022242953379013386e+01
4.820062623088101361e+01
5.814337184206836895e+01
5.709564394008268096e+01
5.684687323073990228e+01
5.624413329548735874e+01
5.503403455594138904e+01
5.330287106721544887e+01
5.376095817284455336e+01
1.492975561281443753e+01
1.843673050381795520e+01
2.254973398601937262e+01
2.484713101708873140e+01
1.009567639148554363e+01
7.388391741405645696e+00
4.754489215990729711e+00
3.945577522477712318e+00
2.562666061897338921e+00
9.684999448832736224e-01
1.139980236380100642e+01
9.307014018060579374e+00
5.568131807434161118e+01
5.606757222419214060e+01
5.601965374725877211e+01
5.264237245057697834e+01
4.498816916403721677e+01
5.125493561284690003e+01
4.460895781783760583e+01
4.659415892071349674e+01
4.737740706420298409e+01
4.897941979161758042e+01
4.277110704738928604e+01
3.786761943428975741e+01
7.059212039207820588e+00
1.076783951509458426e+01
5.460156011926710562e+01
5.477737251875313262e+01
5.354850773331973102e+01
5.345749093620904091e+01
5.024900632357019248e+01
5.205904751803711861e+01
5.118766462554928864e+01
9.477551098717675870e+00
1.380805898777683360e+01
1.800858116224603123e+01
5.751751736120626290e+00
3.017936450763907263e+00
1.808060040805795909e-01
-2.378162434478719334e+00
7.392701530948825983e+00
4.878416884278321319e+00
5.612504594037485361e+00
5.323764865285230741e+01
5.764190252032683048e+01
5.207312573142508683e+01
5.343960245022369548e+01
5.357162049815826776e+01
4.953393066561164915e+01
5.067423727812089140e+01
4.179748190548041720e+01
4.739434711895089691e+01
4.190202763269946473e+01
4.375559094722921571e+01
4.532278268706571822e+01
3.868968569528306034e+01
3.451560268245477658e+01
3.358014083408944117e+01
2.945665021925941573e+01
2.113375442562804096e+01
1.774662844080803126e+01
1.352201650934718735e+01
1.551627401249627702e+01
1.486680603561067793e+00
3.027703211753659751e+00
5.906377533383154521e+00
-9.820858925798033878e-01
7.792503615744651668e+00
5.163264083036894192e+01
5.162927976964693499e+01
5.059598612926847494e+01
4.962941131338392609e+01
4.792067562865465646e+01
4.864135395870524547e+01
5.961757614421766327e+00
1.049817934418188692e+01
1.529380594129799098e+00
-1.636784808427249827e+00
-4.784738003759870573e+00
6.110274721478374804e-01
2.768025856157632525e+00
2.247767515263547011e+00
2.139644325449039375e+00
1.042268774838225553e+00
5.046029536905098922e+01
4.831469943203872219e+01
5.303317075849647466e+01
5.674714021682044773e+01
4.969092889647731681e+01
5.080493972426653926e+01
4.725803617190597095e+01
4.697927537263690567e+01
4.626470191662942710e+01
3.873468814912979497e+01
4.481763757489630251e+01
4.273981279071992390e+01
3.944748504097847075e+01
4.096655002198733797e+01
3.553268432379349662e+01
3.214007824145153336e+01
2.503463916024600167e+01
3.073085733348647608e+01
2.856219264104031907e+01
2.541699020936243869e+01
2.034178506918113527e+01
1.761311966388095129e+01
1.552369145856376420e+01
1.297792498860308008e+01
1.179822508295057482e+01
1.020039829345361504e+01
-5.120186668989456180e+00
1.470243715787207250e+00
3.959628537830223394e+00
-1.824122373832300692e+00
-5.601866963570460101e+00
6.879782082187995584e+00
3.808450002415842750e+00
4.833908312672595287e+01
4.756658035177612476e+01
4.658712405116055066e+01
4.523478703962067016e+01
4.412151143640992501e+01
5.978774755362356252e+00
1.779245993714859031e+00
-1.303823713272906915e+00
-3.290949773134103307e+00
-6.371227676240875937e+00
-1.007951342735694134e+01
-2.098044423989407381e+00
-9.692492418684028888e-01
-2.401852770835373629e+00
-1.750947920386598744e+00
-2.360961577554719248e+00
4.817586538931324469e+01
4.414948285175206166e+01
5.141505092010664413e+01
4.668978363192007208e+01
4.411150201472624133e+01
4.422346828051983891e+01
4.402839733021038882e+01
4.120411128446317406e+01
3.565262704727973642e+01
4.027185491214426349e+01
3.764660931685503442e+01
3.603869073487916097e+01
-2.068743368656407000e+01
-1.064313266953500126e+01
-1.572421691670533761e+01
-2.730935636766040631e+01
-3.381696702998873150e+01
-5.295971142722543590e+01
3.203206294093143924e+01
2.871497651455242917e+01
2.220639470152153905e+01
2.665052965614455616e+01
2.450183233343069489e+01
1.832435593790246742e+01
1.566520345204036424e+01
1.357002169108370992e+01
1.113198536520771675e+01
9.235785059364882699e+00
8.160455921146924751e+00
-1.048358457491745099e+01
-1.956917026630046463e-01
-4.574580671476157434e+00
-8.753502062828243169e+00
4.263148660487378727e+00
4.126480823926549912e-01
4.414969450838439258e+01
4.231170575335078610e+01
4.165880896316375726e+01
3.978486038008824721e+01
3.813286945215483570e+01
-3.868430870111482012e+00
-9.745432412365254149e-02
4.404274611554602537e+00
-4.741101330068217123e+01
-5.191366011192202734e+01
-4.927256235890351554e+00
-5.702553430667202328e+00
-8.029876157101988099e+00
-1.093234732052551195e+01
-1.667677554268155404e+01
-1.545400664248366773e+01
-5.499323820708156951e+00
-5.826186274769235673e+00
-6.195368551290020953e+00
-2.498739957774092346e+01
-4.117541698670260786e+01
-3.642290292309674982e+01
-3.120711750781618932e+01
4.088931606694938381e+01
4.524872046811732673e+01
4.116150815595194246e+01
4.000757534465412135e+01
4.110784196753058239e+01
3.816973470102794153e+01
3.748863220456159695e+01
3.665758062943696416e+01
3.171394401906883331e+01
3.457791066622947795e+01
3.167233569032101315e+01
-2.213723073770021443e+01
-1.512703621114806651e+01
-1.898732514840691721e+01
-2.584348321546091398e+01
-3.010720523993416364e+01
-3.997469434782020414e+01
-3.493091921464272787e+01
-5.586266468889132142e+01
-5.905043052114460522e+01
-6.175179376003737275e+01
-6.389332429387941659e+01
-6.502747919263977394e+01
2.774121963559845128e+01
2.428124866204935373e+01
2.073937632836805278e+01
2.210151994670654219e+01
1.658711250163358386e+01
1.313862919684345165e+01
1.040419126765801217e+01
7.067578001453648895e+00
5.176010551946201410e+00
-1.565558222041190284e+01
-1.300132708871508846e+01
-3.984331458551315208e+00
-8.022389960209864057e+00
-1.220795373945379048e+01
6.167946014719685177e-01
-4.011503948976444356e+00
3.798107549710466202e+01
3.571723415257910261e+01
3.465832902465840704e+01
3.158894296097743037e+01
-8.030125370407448671e+00
-7.461459750877943442e+00
-3.730144360243585311e+00
-4.865841830144785329e-01
5.511424777576213963e+00
-6.057241087361478549e+01
-6.306219192098867410e+01
-5.778623448066940682e+01
-5.504695162258160224e+01
-4.557348174136175345e+01
-4.910813165524519519e+01
-5.233456676879945491e+01
-8.907312623100116511e+00
-1.213709048876718732e+01
-1.483563383379764922e+01
-9.525381260219488055e+00
-1.206868281661437337e+01
-2.204640898475937405e+01
-2.059672067863240841e+01
-1.885580424007452294e+01
-1.069037375413080504e+01
-1.064886719258694114e+01
-2.714026156613836349e+01
-2.975613127166299421e+01
-4.155561540728680825e+01
-3.924428747809778173e+01
-3.591865416678485445e+01
-3.334325793492835288e+01
3.911139785124307622e+01
3.528835863132535167e+01
3.625341932232547038e+01
3.420260558512838145e+01
3.369734030977462425e+01
3.310717062862041615e+01
2.677872569971387051e+01
2.815693828440898017e+01
2.480649221215621836e+01
-2.316684702030512710e+01
-1.968232217039501464e+01
-2.711174226034980350e+01
-4.608038793742944250e+01
-3.121152840823465979e+01
-4.232584970607641139e+01
-3.838001767855607227e+01
-3.479155471222636464e+01
-4.911156459242202033e+01
-5.297284331599301055e+01
-5.694495786618490740e+01
-6.072695773612112902e+01
-6.559084185253335875e+01
-6.730473102399589891e+01
-7.014845306722753548e+01
-1.957719033160181965e+01
2.231604379344493339e+01
1.876208251042135089e+01
1.715457651838149644e+01
1.211500892322427703e+01
8.193601080412593163e+00
5.307349149939142308e+00
1.439603487107764312e+00
-1.702903577608990560e+01
-9.334521394167337505e+00
-1.439279636581622057e+01
-4.051351830323638659e+00
-9.323889887678268096e+00
3.121144719845066007e+01
2.973308743815408306e+01
2.627389828286700535e+01
2.336039590548954337e+01
-1.241165265956182928e+01
-1.027109314168921372e+01
-6.397227405733371342e+00
-2.774207017524635610e+00
3.182144587808743541e+00
-5.934051211342546139e+01
-6.175496523874866739e+01
-5.703154020536081958e+01
-4.457894335313263667e+01
-5.431913820640404822e+01
-4.773583537278109645e+01
-5.091038030663827385e+01
-1.445496337640211770e+01
-1.660326151398377448e+01
-1.685310854663041269e+01
-1.475519441171844193e+01
-2.509254388414939285e+01
-2.312651283770583177e+01
-2.097852146012027674e+01
-1.632364454546764065e+01
-2.959629270652594712e+01
-3.181369491624677437e+01
-4.225615023260589709e+01
-3.894676773197109299e+01
-3.574548162181984878e+01
3.422168966518380273e+01
2.900263062642857292e+01
3.161880229336773596e+01
3.019007451988098722e+01
2.991770841865294273e+01
2.964581565128152363e+01
2.894139023039771885e+01
1.974692129646507510e+01
1.886376712512904774e+01
-2.396402029913855358e+01
-2.804111529310842954e+01
-7.237967054841776360e+01
-4.601857018702306590e+01
-4.338025262268613602e+01
-3.214369736271817146e+01
-4.017676769339905718e+01
-3.665443682226315048e+01
-5.221251295612225363e+01
-4.922903525921464762e+01
-5.564124837699215220e+01
-5.842614555591692493e+01
-6.353830158920971627e+01
-6.821620856428823743e+01
-6.903963103974855642e+01
-2.291866627194686146e+01
1.539893234016757440e+01
1.197340533143185759e+01
6.583506398652595237e+00
2.141909011146381658e+00
-4.112161466807409682e-01
-5.545091656409415037e+00
-1.976157700308811371e+01
-1.549677013927747282e+01
-1.121462251552915035e+01
2.352283017807009458e+01
2.426572396291299327e+01
2.014803341608756426e+01
1.642713721251043779e+01
-1.718940124604406705e+01
-1.397170661164689776e+01
-9.907672221692148895e+00
-4.888472077122903769e+00
-5.981310679526092855e+01
-5.849756464405305678e+01
-5.609256204251737898e+01
-6.212180614366126008e+01
-6.413897716134984250e+01
-4.583227293406262959e+01
-5.294476558065352378e+01
-4.946428817038946590e+01
-1.961269612526860584e+01
-2.109350985890656105e+01
-2.048111438563097053e+01
-2.726462376288199607e+01
-2.521052184468273794e+01
-2.219943157692910063e+01
-3.154268766060997109e+01
-3.485919439756543170e+01
-4.275959866233917239e+01
-3.921581118685885770e+01
3.158420457612257337e+01
2.822767005872707102e+01
2.798083137407648380e+01
2.246420915194457280e+01
2.588944211977615595e+01
2.603164293029780652e+01
2.451410793412973277e+01
2.502185044483948673e+01
1.674264720978940701e+01
1.675636021635965633e+01
1.126741167126404086e+01
1.310698129444796045e+01
1.095852287545014825e+01
-2.832435901217180785e+01
-7.159362605658090217e+01
-4.633570218965028431e+01
-4.264247190253328057e+01
-3.397165170946215085e+01
-3.877596150523586260e+01
-5.279314082166903432e+01
-4.983617923603809174e+01
-5.615155655139848534e+01
-5.971364768098255382e+01
-6.402748816797310383e+01
-6.641372595441291082e+01
-6.928729959551381512e+01
-6.724808999310604918e+01
-2.577672253384135104e+01
8.446888248006120037e+00
4.407603407240892501e+00
-1.191476026141459643e+00
-6.197251177827608259e+00
-1.254833364591178047e+01
-2.214343053750943469e+01
-1.808905524784443486e+01
1.603087169385865707e+01
1.190373156256804421e+01
6.885270899760691954e+00
-2.156309400771818119e+01
-1.830803325638703782e+01
-1.468828146996349737e+01
-1.138810446414124655e+01
-6.131885062702652078e+01
-5.877390766643465980e+01
-5.562460456439450240e+01
-6.460766042712872093e+01
-6.328072648952252166e+01
-6.677062429277584954e+01
-6.566611028497133873e+01
-4.716935340642024954e+01
-5.160439252217365436e+01
-2.556006930175032821e+01
-2.474630943749771106e+01
-2.571285070361719249e+01
-2.640904509777971754e+01
-3.033509965248080320e+01
-2.776177940673190392e+01
-3.564856658221379604e+01
-3.968742336300033458e+01
-4.379342320611944217e+01
2.573655334965473429e+01
2.380930667203385198e+01
2.322745434973283452e+01
2.497110505397522928e+01
2.158176970079680146e+01
1.958219063244841252e+01
2.122170354626588917e+01
1.997595542988397455e+01
1.273417703141608115e+01
1.013471084710101877e+01
7.722506012386027408e+00
5.663596284155033800e+00
-7.343660668832559679e+01
4.843956052014958935e+00
8.860666565347242729e-01
-3.174331291321941606e+01
-7.050826862720542465e+01
-7.139467761685793334e+01
-4.609551255845483553e+01
-4.215726553724104519e+01
-3.741385883337314766e+01
-5.357871332288250699e+01
-4.988404217325145851e+01
-5.792006757841156173e+01
-6.132147393594701867e+01
-6.389333583577870712e+01
-6.800158051499830947e+01
-6.571701453960176309e+01
-2.920664697494923345e+01
-2.296791028572566506e-01
-3.960438906928296809e+00
-9.584957054290871525e+00
-1.492904543239079729e+01
-2.078170514619597498e+01
-2.571124577063724814e+01
7.951431022849522634e+00
3.333794426837048519e+00
-2.684921448803806232e+00
-7.808485929349180310e+01
-2.199058437196780602e+01
-1.832950657496276747e+01
-2.585710505850289564e+01
-6.118357327267187884e+01
-5.850272284458573324e+01
-5.506600612897697999e+01
-6.735228168494126066e+01
-6.562534051453417305e+01
-6.356309164009861234e+01
-6.954372428594577116e+01
-6.879347323000617109e+01
-2.942361520506226924e+01
-4.870689095993584061e+01
-5.288858264971064926e+01
-3.012328968634929893e+01
-3.022455983791869727e+01
-3.207336430297669949e+01
-3.548836504109189605e+01
-3.369759610385595039e+01
-4.085921446164990556e+01
-4.498180506977179505e+01
2.223310277920352362e+01
1.916996025153327565e+01
2.096006521078309959e+01
1.884173842087515993e+01
1.919278454618754282e+01
1.753979204396618385e+01
1.474664048279440109e+01
1.594853009910694652e+01
8.808899175025072026e+00
3.688857240337939825e+00
4.952457050373370251e+00
2.482431301696427450e+00
4.074718825679723433e-01
-7.364740886563538425e+01
-5.922049895525537622e+00
-8.626416310224223949e+00
-3.589775789346074220e+01
-6.936688077661645480e+01
-7.147347362990281283e+01
-6.999780862076335097e+01
-4.637848682990338745e+01
-4.178698465096987036e+01
-5.555920042638081213e+01
-5.113281351865905577e+01
-6.746394543871915062e+01
-6.021145099049322624e+01
-6.280324206368576512e+01
-6.540547321499579425e+01
-3.340339819151245138e+01
-1.125047067084868324e+01
-1.775835310397554778e+01
-2.373409954958267321e+01
-2.915801041232058211e+01
-1.580064221686276937e+01
-7.811537804286709274e+01
-7.819313259795114845e+01
-7.711752815840583253e+01
3.735959530979816590e-01
-4.649048904917401970e+00
-1.110174492309366912e+01
-2.042239753851749740e+01
-7.726772427029804646e+01
-7.708817572692888120e+01
-7.768408766433910273e+01
-7.729952854112724481e+01
-7.660648319825810404e+01
-7.639094453451787103e+01
-7.724244164524829159e+01
2.031753930437347577e+01
-2.381059358013437688e+01
-2.932987741707175644e+01
-6.100144922603490016e+01
-5.770426244656164982e+01
-7.160469376979729361e+01
-6.971345484521064861e+01
-6.359497460606487351e+01
-6.803891813578728431e+01
-6.605545391497697949e+01
-7.361971368411970218e+01
-7.242781830869040505e+01
-3.268213947458597346e+01
-3.394331391355158445e+01
-4.979366586152632834e+01
-5.554767702101929672e+01
-3.510704341095583914e+01
-3.914997233231470375e+01
-3.830103258652813025e+01
-4.562820890407324725e+01
1.843974532889966866e+01
1.696072741649834370e+01
1.491200760540699122e+01
1.588721061865200568e+01
1.475821448794289381e+01
1.504414247154253914e+01
1.401656967253722463e+01
1.081426926948225464e+01
1.085711408095095365e+01
3.810039308420971604e+00
6.183297977659474753e+00
-2.485034336214858364e+00
1.183435975482513225e+00
-2.213749999410692670e-01
-1.300118435129131722e+00
-2.623546547154384623e+00
-5.071916639012863826e+00
-7.337208645775272942e+01
-7.419714222861352937e+01
-7.107607311191365795e+01
-1.565089162903696796e+01
-4.064709864013661189e+01
-6.821016747368709332e+01
-6.943311795174929557e+01
-5.746856490037486509e+01
-4.708835885903889107e+01
-5.291857726257246952e+01
-6.582451268481869988e+01
-6.036019863066503177e+01
-6.323358141882233241e+01
-3.722226131033270491e+01
-2.087350211270037192e+01
-2.733443091498792299e+01
-3.283742960537735200e+01
-2.177271614507390396e+01
-2.588941548301125550e+01
-2.596146006855119381e+01
-7.707547692464713407e+01
-7.486945971066421635e+01
-7.562526350669938324e+01
-7.655049604197574808e+01
-7.613529054871067103e+01
-7.695740049841818120e+01
-7.635102299202313247e+01
-7.653248526077931047e+01
-6.549307904948423520e+00
-1.139236923291364789e+01
-1.696086468395636615e+01
-2.233529595216844044e+01
-2.714498126107610787e+01
-7.684491892208401964e+01
-7.647406985251215872e+01
-7.639393768039697363e+01
-7.670502874120980152e+01
-7.639821138825759306e+01
-7.608239950011697772e+01
-7.582611664248446459e+01
-7.606138190407838806e+01
-7.672513891788621265e+01
1.406916451070475205e+01
1.766658275011910106e+01
1.476943170539937711e+01
2.441561310603648494e+01
-8.814906980006806947e+00
-2.962797907384662111e+01
-3.364202231527411158e+01
-6.037920034908824363e+01
-6.390783813322999407e+01
-7.190923103246952053e+01
-7.050657756802884535e+01
-6.654756437825014359e+01
-6.869306172537935140e+01
-7.368386348446462364e+01
-7.567016853510665442e+01
-7.596461441595359076e+01
-3.646021454426734465e+01
-3.823942329763529813e+01
-5.232998049281959396e+01
-5.792139053625666634e+01
-4.138628290885272776e+01
-4.384016660367240803e+01
-4.923515108252512817e+01
1.403758702045030304e+01
1.103782020868421476e+01
1.167705946103495940e+01
1.117433597545110224e+01
1.117326871196170401e+01
1.060587488385062827e+01
1.086124817193865688e+01
6.560554792844987659e+00
7.319568220116546620e+00
2.345518421722199154e+00
-3.158473899863013301e+00
-8.500561433224476104e+00
-3.192553229787698399e+00
-5.137582224771028550e+00
-1.010614627902820040e+01
-5.344143961281386801e+00
-7.345699542715598440e+00
-3.041624989651936417e+01
-7.212524046825956248e+01
-7.266902419768052823e+01
-7.039917921684624957e+01
-6.889390061310136559e+01
-2.487115858626161113e+01
-4.459665569172207000e+01
-6.677505769590520401e+01
-5.623880097863334271e+01
-5.096729667247998208e+01
-6.359547625511880398e+01
-5.995954361118705123e+01
-4.093597714809956045e+01
-3.026266858308756369e+01
-3.642139183160522009e+01
-2.866934163736635810e+01
-3.070147787203563894e+01
-3.152356479716754123e+01
-7.313007988840573148e+01
-7.557179829195941068e+01
-7.403565714036801637e+01
-7.445889074530020935e+01
-7.551081944007265179e+01
-7.527803437640393724e+01
-7.545326746417963193e+01
-7.597125800553014585e+01
-7.570580624467325492e+01
-1.310816909593869184e+01
-1.744822258941628590e+01
-2.216703862195421237e+01
-2.625660061968565984e+01
-3.054245198382237092e+01
-3.332430264101577677e+01
-7.616224294281491325e+01
-7.571598724393358282e+01
-7.602705700356663954e+01
-7.582464176219558283e+01
-7.552940677471612219e+01
-7.533889415379346133e+01
-7.549052651755557974e+01
-7.590689023750336162e+01
-2.735310987062490096e+00
1.984582688508244486e+00
7.733295082280220001e+00
8.898762475567620456e+00
1.087749837415973531e+01
1.705745203511802899e+01
1.313598535885872742e+01
1.911264743726434645e+01
-5.932109847315018669e+00
-8.938526049823394715e+00
-1.293773281827408361e+01
1.835835685284819263e+01
1.320422750948286783e+01
-1.506584063925663308e+01
-3.406754688717966673e+01
-3.711477573224181015e+01
-6.180454476886814064e+01
-6.514507426917413113e+01
-6.684163056993831731e+01
-7.272224776607455965e+01
-7.114075622807311561e+01
-6.916840368663299898e+01
-7.512143120420618914e+01
-7.851684065966355774e+01
-3.974631650425599361e+01
-4.055475470802754501e+01
-4.377907324191013316e+01
-5.547871830756995593e+01
-5.977471322876357362e+01
-4.708156330460947459e+01
-5.238222372947389260e+01
7.379155123237052472e+00
7.366979490259649488e+00
7.368843841520003046e+00
7.121340178165319834e+00
7.123789857333685305e+00
3.401990265355154364e+00
3.969881024268000047e+00
-2.026245369289209286e+00
-1.405229402879267830e+01
-1.449787082697027074e+01
-7.076306228322549075e+00
-8.758179690757200930e+00
-1.162273471682499171e+01
-9.371352490432302673e+00
-3.423449062512701602e+01
-7.103292938166893578e+01
-7.162658341309793286e+01
-6.908292330921885593e+01
-6.685228785956331876e+01
-3.268658212458513646e+01
-4.880585573241481256e+01
-6.406749343130263696e+01
-5.522767644121964992e+01
-6.019140189110679273e+01
-4.497330502023196175e+01
-3.729340799454105593e+01
-4.224462161408799687e+01
-3.514220661660051093e+01
-3.549584841696407977e+01
-7.190386752719818730e+01
-7.282457848788318699e+01
-7.458568372011752956e+01
-7.315923084167040713e+01
-7.367573796587139157e+01
-7.437536832127403841e+01
-7.444143799218473134e+01
-7.488211499355666945e+01
-7.488934695502604200e+01
-1.901705896997939149e+01
-2.468818895376097799e+01
-2.888401073567395727e+01
-3.405837214887414888e+01
-3.209092440562466919e+01
-3.640060467948799783e+01
-7.550798285120517050e+01
-7.491030828280619858e+01
-7.537945003054210247e+01
-7.517334635098198703e+01
-7.496003047556699528e+01
-7.488975195053198775e+01
-7.504645649137125929e+01
-1.695602434099058797e+01
-2.626074794381117794e+00
1.423577001456842073e+00
4.284861306624129007e+00
6.392098437527517163e+00
8.458267041661656549e+00
1.323885535110337486e+01
1.004970052375339939e+01
1.283848389964898473e+01
-6.245186763147988707e+00
-9.611940216441096752e+00
-1.301899130779964331e+01
-1.653868683825281494e+01
1.182697172208868963e+01
1.406911221873513718e+01
2.059814511764109213e+01
7.948369379927530787e+00
9.262849067311567097e+00
8.346601819388624222e+00
-2.086202900560852669e+01
-3.810627849531288547e+01
-3.431091603496188469e+01
-4.097701558814917888e+01
-6.337868134923827768e+01
-6.633807671541842410e+01
-6.788853119883587794e+01
-6.908417556253280623e+01
-7.351308535743197581e+01
-7.151583446346157302e+01
-7.648974662190623519e+01
-4.392759093967693218e+01
-6.144386927761473061e+01
-4.783006799439370127e+01
-5.724577967079417107e+01
-5.222937696758858550e+01
2.265024929199795256e+00
3.294497898804769953e+00
3.805519012707237803e+00
3.264689233692671166e+00
-5.317879218420775711e-01
-1.844087414051250207e+01
-1.823993857300343890e+01
-1.538096824814339136e+01
-1.102280403720854451e+01
-1.324486792431788551e+01
-1.100500924154183480e+01
-3.748899500888859393e+01
-7.006415583358052857e+01
-7.053695091121174698e+01
-6.687565276344147946e+01
-6.826840521896603775e+01
-6.451201410987614793e+01
-3.929536495558761544e+01
-5.192345130949816223e+01
-6.122455574792403610e+01
-5.706779708463902523e+01
-4.857764225777391687e+01
-4.422981562708374526e+01
-3.936251828257509544e+01
-3.961439748787646664e+01
-7.160003649418716520e+01
-7.323421452702683609e+01
-7.227727162054530652e+01
-7.394911408132058739e+01
-7.326195961839222548e+01
-7.358398040371774584e+01
-7.385567242811728761e+01
-2.268505733323217655e+01
-3.696048632346214191e+01
-2.680431644320879414e+01
-2.852837047867189924e+01
-3.137587752805906760e+01
-3.512251121911847207e+01
-3.392493795736157836e+01
-3.738266106753204099e+01
-3.916855905140160132e+01
-3.927720538176541965e+01
-7.478495609736424399e+01
-7.410314920942178674e+01
-7.471169331455944018e+01
-7.461774902506589058e+01
-7.445503914365571063e+01
-7.415678051751172006e+01
-2.111239620040934639e+01
-1.982330943453149885e+01
-3.154937528336686725e+00
-3.187122861223433690e-01
2.094578437979510266e+00
3.986038282130141663e+00
5.985547803204259054e+00
8.522851486802764498e+00
8.639566267862990756e+00
-9.378933627396618178e+00
-6.771365611507386362e+00
-1.283963475588715752e+01
-1.660003232033149700e+01
1.020302309013004205e+01
1.410167612490939604e+01
5.636415240034732044e+00
4.720770663726917782e+00
4.882913143598550221e+00
5.451208719609008213e+00
-4.130147110832000124e+01
-2.616125727977062709e+01
-2.544478748132110368e+01
-3.160008539539866845e+01
-3.646536094469240652e+01
-3.949846858472600530e+01
-4.435755515131043580e+01
-6.460714058336037624e+01
-6.382618114522457375e+01
-6.688497454267762521e+01
-6.882921969845742183e+01
-7.050016704623347152e+01
-7.385518778770403969e+01
-4.794941759412029114e+01
-6.037750953410365895e+01
-5.232380331233220261e+01
-5.658971145537253022e+01
-8.339542836273438065e-01
-1.138190506744657160e+00
-2.097679153163916066e-01
-2.190678897193136976e+01
-2.145551274056273172e+01
-1.868505294360626579e+01
-1.670579616333075634e+01
-1.428715331664620081e+01
-1.492370329954074215e+01
-1.106903966890057589e+01
-4.132309889731502750e+01
-6.864316340466253052e+01
-6.985530975093263351e+01
-6.599457308081854023e+01
-6.270215627207780784e+01
-4.326900953002461847e+01
-5.440103587883658776e+01
-5.876217536556080034e+01
-5.080256990641397863e+01
-4.732471584318820845e+01
-4.357878608356715233e+01
-7.079469173668566384e+01
-7.304703105033402721e+01
-7.177507756897863089e+01
-7.275582111607845093e+01
-7.214268856709300337e+01
-7.245281615526558028e+01
-2.551526190225371593e+01
-3.948646429189996354e+01
-2.897430794711658208e+01
-3.085293944918204900e+01
-3.367622498884134785e+01
-3.621362973587639544e+01
-4.188653565375356180e+01
-4.166872927961059503e+01
-7.338885943464126171e+01
-7.406707757926095326e+01
-7.245133957031927707e+01
-7.418781915539129557e+01
-7.411563495374544175e+01
-7.361824676309223037e+01
-2.356097546585051816e+01
-2.005399335874916389e+01
-3.985810363865817774e+00
-1.152962619807387235e+00
1.338970861442237759e+00
3.441302466666850801e+00
5.555784212874463890e+00
-1.104619276429451347e+01
-8.734170930430906310e+00
-1.491799345462309212e+01
-1.887450419452013861e+01
2.475856002957797397e+00
7.037295789494648623e+00
1.644680875018929900e+00
1.757891298879319830e+00
1.343671828651251232e+00
1.870575089621077103e+00
-1.235437421196295293e+00
-2.693600245689480488e+01
-4.373336405897575219e+01
-3.086321220744638438e+01
-2.985536542637395030e+01
-3.520812858905986786e+01
-3.880333092036028830e+01
-4.215112829550808726e+01
-4.764809942533061360e+01
-6.292066566460010790e+01
-6.653349133928068682e+01
-6.580786808345835937e+01
-6.507030861769295882e+01
-6.884817503450021547e+01
-7.193456588267684992e+01
-5.197937523088241818e+01
-5.995293371165143270e+01
-5.647579832352118245e+01
-4.460002517758918650e+00
-4.725651089020598050e+00
-4.594466513133620644e+00
-2.513219852666833631e+01
-2.366260038125801302e+01
-2.088110085574195907e+01
-1.807506758996242624e+01
-1.878998004068759187e+01
-4.435860488956126346e+01
-6.723933345631758129e+01
-6.872004708588069377e+01
-6.426164423438738993e+01
-6.058799233792038308e+01
-4.753294987663604587e+01
-5.591654816505779024e+01
-5.184721894865737823e+01
-4.731490514504091749e+01
-6.988850518413202906e+01
-7.191079003050739971e+01
-7.042422160338129800e+01
-7.138435534221751766e+01
-7.097019337016510576e+01
-2.856918833814387426e+01
-4.196764570365865410e+01
-4.084187097448791803e+01
-3.168418503415807308e+01
-3.369112207018206107e+01
-3.615579173545719982e+01
-3.846166238064979837e+01
-4.438635888345790903e+01
-4.400275071879369193e+01
-7.136980502684303929e+01
-7.313771234388134701e+01
-7.356591780178223416e+01
-7.254260985623955094e+01
-7.183434240964020034e+01
-7.361836471916632263e+01
-2.337808585762428493e+01
-2.663383034917748304e+01
-2.277302286604904324e+01
-6.253680429914984629e+00
-3.797660600254038066e+00
-1.307798859135321790e+00
-2.475464882830403501e-01
-1.334666969033935047e+01
-1.130918341783454117e+01
-1.745323880929465687e+01
-2.139838847526964116e+01
-1.557371784105215928e+00
1.949239661067725671e-01
-4.332057946230543521e+00
-2.341995521345392905e+00
-2.198294558261479459e+00
-3.291054245790912880e+00
-5.003975605935857551e+00
-7.553791790025774944e+00
-3.006495936102801636e+01
-4.684203420402447193e+01
-3.398573535829729053e+01
-3.319417635496055397e+01
-3.768242044433010562e+01
-4.092151334245099292e+01
-4.480605910837311967e+01
-5.137146904366402822e+01
-6.273924248207752186e+01
-6.545970309501635143e+01
-6.814282760665943783e+01
-6.734976600552097636e+01
-7.110487200688596943e+01
-5.603639011249321555e+01
-6.015196732025135162e+01
-1.210663186759960297e+01
-8.906993459996892071e+00
-7.477693698951879853e+00
-9.224282138246200802e+00
-8.215573882342329881e+00
-1.058783803899912179e+01
-2.709937791628625803e+01
-2.983738847494073454e+01
-2.530188291991816385e+01
-2.254528083181886444e+01
-4.719389714198944574e+01
-6.588471696022499202e+01
-6.762384542505111540e+01
-6.299030872180757967e+01
-5.900589469363571027e+01
-5.122821735270027688e+01
-5.512255819755730357e+01
-5.035467226303011046e+01
-7.051595937282492343e+01
-6.819852074359637584e+01
-7.060282982503674987e+01
-6.907699946887204590e+01
-6.994089390420374741e+01
-3.196744555741495120e+01
-3.249648044703177163e+01
-4.382662890819015900e+01
-4.276132519333999227e+01
-3.459895523888568647e+01
-3.622386162596028214e+01
-3.848585972577897962e+01
-4.076443698247786784e+01
-4.671319344336632895e+01
-4.583233715139277820e+01
-7.118790030587028639e+01
-7.051306729355572145e+01
-7.286993987857961486e+01
-7.199129340949389189e+01
-7.315539690416227359e+01
-2.661522570517486841e+01
-2.987999566832585074e+01
-2.580037721871001821e+01
-9.047960481508150465e+00
-6.258386248531767393e+00
-4.660074998208948216e+00
-1.440767625350833470e+01
-1.629144473932308301e+01
-2.049749361006699999e+01
-2.436486351184818488e+01
-6.086864452361782085e+00
-6.265307011255191405e+00
-9.785749527589096886e+00
-6.810209173460354037e+00
-7.698839335812357021e+00
-8.980818449610227461e+00
-1.350671447205328413e+01
-3.347973002416762967e+01
-5.023888481620294755e+01
-3.725484726078261843e+01
-4.171475262695062725e+01
-4.630750813760838014e+01
-5.514232096886179590e+01
-5.475206986609703819e+01
-6.354989796404042579e+01
-6.594434884336649816e+01
-6.780217844269135696e+01
-7.038283269259508756e+01
-5.925370164441456922e+01
-6.242109687602363977e+01
-1.535581981725702860e+01
-1.717795973351329053e+01
-1.391506297857499774e+01
-1.238361295603215773e+01
-1.212669038120990805e+01
-1.346198925922678313e+01
-2.961590679420097771e+01
-2.763274338146104725e+01
-4.939306765284895562e+01
-6.527765861912901357e+01
-6.185006643933198944e+01
-5.810237784042891462e+01
-5.416983595703378285e+01
-5.236513886401612439e+01
-6.965160396664525422e+01
-6.960830823138167034e+01
-6.665909021479917840e+01
-6.917229675576925274e+01
-6.789379062511797258e+01
-6.893573366826601045e+01
-3.486333112510424570e+01
-3.272434579289323864e+01
-3.520895559591804158e+01
-4.640159877845237446e+01
-4.505899051304010783e+01
-4.457749364802774039e+01
-3.838581766563756759e+01
-3.727806450368004221e+01
-4.066758369142382179e+01
-4.300400389939149193e+01
-4.832646349116689777e+01
-6.887946023862492950e+01
-6.986500932858619706e+01
-6.948206640504955089e+01
-7.127774405331315677e+01
-7.052434910586811156e+01
-7.215370816142231547e+01
-2.974970355603148775e+01
-3.285318005766764315e+01
-2.836349070340088474e+01
-1.164306161477654555e+01
-9.729984825845534147e+00
-1.674884334302684508e+01
-2.016792149772560094e+01
-2.481922695984398786e+01
-1.118127291273046886e+01
-1.058963627450541267e+01
-1.350405647484264193e+01
-1.222696775167123384e+01
-1.249713505163565053e+01
-1.692743790763747569e+01
-2.049418452261254231e+01
-3.700348348058280834e+01
-5.064010019571911414e+01
-4.132394775743252069e+01
-4.596800748194977615e+01
-5.469187789319261128e+01
-5.875995800773655731e+01
-5.832662872660279163e+01
-6.524020654635624794e+01
-6.748208440128398422e+01
-7.021143705024253734e+01
-6.176948444738396660e+01
-6.433767808662727816e+01
-1.721897409306995641e+01
-2.018752104832539374e+01
-1.647172782747374598e+01
-1.521126356816379399e+01
-1.708216465782282256e+01
-3.206645051518841427e+01
-5.090590251285183854e+01
-6.387307063761584658e+01
-6.084703952416722217e+01
-5.742416539372038642e+01
-5.544770514845703246e+01
-5.363040154326347420e+01
-6.860167358367129964e+01
-6.814967168411936882e+01
-6.529033868293265641e+01
-6.691138508893261871e+01
-6.782296032799632712e+01
-6.803016987013096184e+01
-3.735424455530345256e+01
-3.554534504339324741e+01
-3.768782765522043121e+01
-4.810984868794216140e+01
-4.687468089187037634e+01
-4.613456051008164849e+01
-4.005518907100530868e+01
-3.953836572129512916e+01
-4.237989369051788202e+01
-4.445421846003043953e+01
-5.002897229043194471e+01
-6.813642459555957487e+01
-6.895180299348578501e+01
-6.960729690507584166e+01
-7.015030354785717748e+01
-7.108998509324455028e+01
-3.582233513997373819e+01
-3.270095520480528251e+01
-2.968069266285117536e+01
-1.573907009344063468e+01
-2.145148748357604873e+01
-2.561044268774526955e+01
-1.671925434590948356e+01
-1.644214517358659577e+01
-1.672129179544013056e+01
-2.059109919373035780e+01
-2.371587626147647399e+01
-2.414412649510230224e+01
-4.044303291121332933e+01
-5.039920472678928576e+01
-4.551337331587517099e+01
-5.812947957757882733e+01
-5.514054012186158360e+01
-6.056237523626253250e+01
-6.002948938067960682e+01
-6.140835017573588317e+01
-6.687248815249766665e+01
-7.001325287709663314e+01
-6.367511954246543837e+01
-6.571703989491908260e+01
-2.042696518342467726e+01
-2.376008094538051196e+01
-2.027525499076132931e+01
-3.596737438208547388e+01
-5.226533468230986301e+01
-6.250923972217344726e+01
-5.927747101496131421e+01
-5.481730059610429606e+01
-5.691296852125665140e+01
-6.672044035444673682e+01
-6.500828468014398709e+01
-6.660136834065417588e+01
-6.708557326770767304e+01
-6.745055808673501474e+01
-3.962290580816504360e+01
-3.846723375483976781e+01
-4.005688510009827041e+01
-4.912190272699384508e+01
-4.819952373008614899e+01
-4.719636411980253854e+01
-4.197384783532579888e+01
-4.163041274749645737e+01
-4.406708858240821769e+01
-4.594477079265329422e+01
-4.775300261402119162e+01
-5.109074129170848977e+01
-6.836258464888014430e+01
-6.788355533117712071e+01
-6.901981321124169710e+01
-6.960984749348197909e+01
-7.047101692057124467e+01
-3.791127635323271505e+01
-3.468548492010469886e+01
-3.108523413434985727e+01
-2.190997300340243470e+01
-2.709235869547190134e+01
-2.210118803295043932e+01
-2.135132775119023307e+01
-2.689025341337992003e+01
-2.521348285323542981e+01
-2.750720108340818015e+01
-2.812898123432361430e+01
-4.328312166381972048e+01
-5.295818847529458395e+01
-4.886505378050845394e+01
-5.726055356477934311e+01
-6.001027410005318785e+01
-6.261289827417757436e+01
-6.218365300513399063e+01
-6.191683255931550889e+01
-6.378956120362069271e+01
-6.843147666369833360e+01
-6.552445154092900736e+01
-2.796720086583469111e+01
-2.492588655917176510e+01
-3.979471730780104366e+01
-5.320749216323640951e+01
-6.286429687841352631e+01
-5.554185524075899139e+01
-6.011216096998349911e+01
-5.762213666996065342e+01
-6.633482170765263675e+01
-6.480938056889783638e+01
-6.554586743857994691e+01
-6.690911968950203459e+01
-4.172697116451600152e+01
-4.142502870785712332e+01
-5.025460719581163005e+01
-4.922577049152463502e+01
-4.380943942478028674e+01
-4.347273704062881450e+01
-4.573644375985193733e+01
-4.750739795230315821e+01
-4.932636825517051449e+01
-5.215189038780228259e+01
-6.745817944693213519e+01
-6.865693260241512519e+01
-6.826471312637170286e+01
-6.935843088746166529e+01
-7.022417280358615699e+01
-4.022893098014078817e+01
-3.676241953293931175e+01
-3.285713338466813127e+01
-2.813615772894787526e+01
-2.737892763400903462e+01
-3.037962718087138114e+01
-3.029952422125756684e+01
-3.116029120058986024e+01
-3.215967136485496525e+01
-4.584138557006728121e+01
-5.419267215994854325e+01
-5.087140481782731172e+01
-5.781006979536028467e+01
-6.075986816455652928e+01
-6.245155721856131237e+01
-6.432897859382555339e+01
-6.373987055892309428e+01
-6.678150510566079845e+01
-3.130785474404899205e+01
-3.056206976630295458e+01
-3.301365984419003041e+01
-3.658685244077891241e+01
-4.253075250319875522e+01
-5.441806749458735482e+01
-6.202491452701537611e+01
-5.717303147071609715e+01
-5.942506934005060515e+01
-6.578146860923517636e+01
-6.481302927259892499e+01
-6.360269634430884622e+01
-6.650315519082734284e+01
-4.327113655819297833e+01
-4.376067006991738140e+01
-5.111893019875495980e+01
-4.560505956317139464e+01
-4.515212864240668011e+01
-4.741198369510397015e+01
-4.916101013551931942e+01
-5.069342218632304053e+01
-5.327147765177296179e+01
-6.721891535163688047e+01
-6.657208604505140670e+01
-6.795055316949336088e+01
-6.896728748137520881e+01
-6.857834280313743136e+01
-6.976718032701663219e+01
-3.371155600231843863e+01
-4.266142677387716020e+01
-3.914269947004858352e+01
-3.437368051617041687e+01
-3.407163423497171095e+01
-3.399944105529286276e+01
-3.553934659534550633e+01
-3.542062673765556724e+01
-4.797172970525101476e+01
-5.547874789975828946e+01
-5.305670638101133108e+01
-5.891497028747955511e+01
-6.165309555596798674e+01
-6.310919692705090966e+01
-6.442483989432246005e+01
-6.591745072007122985e+01
-3.397204022343944274e+01
-3.485098778328598002e+01
-3.444304167533717731e+01
-3.631974863428403921e+01
-3.265860326744284237e+01
-3.657272495508740917e+01
-3.613280046468756268e+01
-3.916744966267961559e+01
-3.965940167311017461e+01
-4.033115735630139653e+01
-4.246753183803562592e+01
-4.465741399350423535e+01
-4.443091704890206728e+01
-5.585798523917684832e+01
-6.102727113459148711e+01
-5.861777351328158403e+01
-6.543322901359228183e+01
-6.422251767520450016e+01
-6.289218522107751141e+01
-6.565265437062525677e+01
-4.556121191461566866e+01
-4.612897451905934787e+01
-5.241354817531063048e+01
-4.730642680106777931e+01
-4.924274481107750745e+01
-5.103678029085659773e+01
-5.452307804886958564e+01
-6.571459281973737632e+01
-6.653883905002705035e+01
-6.771519539347617922e+01
-6.727905458698910479e+01
-6.832606157266550895e+01
-6.922180005722725582e+01
-3.673861533001460344e+01
-4.501465470360430032e+01
-4.024197148319480988e+01
-3.988648739171825497e+01
-3.832533659280552030e+01
-3.937454267703900967e+01
-5.096836150437117396e+01
-5.707359257480242576e+01
-5.526856240028961054e+01
-6.015276858295013085e+01
-6.370897942888659315e+01
-6.252854728135601192e+01
-6.497228147090325479e+01
-6.555295046696132033e+01
-6.702443770232429188e+01
-3.717483856889024452e+01
-3.590292720171600394e+01
-3.743562996000235188e+01
-3.770399808204085446e+01
-3.883715574966506523e+01
-3.941960090159727770e+01
-3.712935806980944875e+01
-3.854213154942907948e+01
-3.866622916252627817e+01
-4.061889306905818842e+01
-4.171327516992950279e+01
-4.260105112341650369e+01
-4.273657981656671012e+01
-4.445580305971449775e+01
-4.637331839460955507e+01
-4.611140900648016583e+01
-5.688875108640264244e+01
-6.084088689478059564e+01
-5.904425548957604519e+01
-6.418701245607859107e+01
-6.249372829825033193e+01
-6.452004118202759742e+01
-4.773334993388811398e+01
-4.799659916664468540e+01
-5.318926266852945162e+01
-4.960563205016785560e+01
-5.150438792588223436e+01
-5.545970055276286814e+01
-6.614912761935062235e+01
-6.503685404931766811e+01
-6.722096574776153943e+01
-6.689109217999819634e+01
-6.794490571503175147e+01
-6.775395010375071081e+01
-6.875193778807937406e+01
-6.695578716174409806e+01
-4.059361671185966713e+01
-4.924072460125577777e+01
-4.531168705270072650e+01
-4.386683022925460307e+01
-4.232205152123585634e+01
-5.401130706966785766e+01
-5.867438961592376501e+01
-5.760935463882909602e+01
-6.117136025736441951e+01
-6.474559293546909089e+01
-6.390412796447274957e+01
-6.290915785701810847e+01
-6.642429964119833130e+01
-6.750630406627099944e+01
-3.971728584775475213e+01
-3.862780502417596296e+01
-3.983975393327519043e+01
-3.978487409654442075e+01
-4.191794640027845986e+01
-4.208374924317389798e+01
-3.992756763422597288e+01
-4.120981345637710547e+01
-4.303737521803544297e+01
-4.423053905511751793e+01
-4.483004607195622526e+01
-4.625122734329995922e+01
-4.804564144576255558e+01
-4.770934049786997377e+01
-5.783858071752312213e+01
-6.067821765961631542e+01
-6.277123146501536155e+01
-6.357874478224593418e+01
-4.991809861052261255e+01
-4.992622819298186698e+01
-5.386290072806461637e+01
-5.203626265104070114e+01
-5.619836105093482814e+01
-6.639996111833066550e+01
-6.559579685769446655e+01
-6.448504262409146293e+01
-6.756570283750593831e+01
-6.753602936665176060e+01
-6.838259081821031771e+01
-6.709241109652218427e+01
-6.664382390162077741e+01
-4.414241831430229723e+01
-5.092834093081746971e+01
-5.460310472412401595e+01
-4.856776967618631602e+01
-4.639946730878036618e+01
-5.739802507425300604e+01
-6.033828774739404821e+01
-5.995761976899255785e+01
-6.231255939337425787e+01
-6.543507343451773295e+01
-6.457333197606529041e+01
-6.393769423331828250e+01
-6.672517530623525772e+01
-6.904640297808289517e+01
-5.708166792967463010e+01
-4.228907612663726212e+01
-4.144979347805346492e+01
-4.219088215167414546e+01
-4.494806806308357494e+01
-4.486174366328494756e+01
-4.282364100176750554e+01
-4.421385567559350704e+01
-4.574701561389338877e+01
-4.668048811469321890e+01
-4.713886005604183538e+01
-4.889593724951096476e+01
-4.972221062708932493e+01
-5.917844550870252363e+01
-6.167107182103715246e+01
-6.313276611473209954e+01
-5.214953013350559274e+01
-5.163496257823514668e+01
-5.452639374934268091e+01
-5.727490203251173284e+01
-6.603853494149642245e+01
-6.340853394196878412e+01
-6.526989096759974984e+01
-6.433886821000427858e+01
-6.756987129317039376e+01
-6.821917070848387255e+01
-6.703236400690329333e+01
-6.653037316219010222e+01
-4.774608363259378763e+01
-5.350268356904861378e+01
-5.068534452131499535e+01
-5.962067657951648414e+01
-6.196730211012049949e+01
-6.169992602081877209e+01
-6.348995202329594179e+01
-6.565121059630398292e+01
-6.487753848248063093e+01
-6.763790570495282850e+01
-5.691734467799695807e+01
-5.942470420236629280e+01
-4.495514757943661266e+01
-4.434381417268032521e+01
-4.802766686987009592e+01
-4.755749559419381001e+01
-4.593305334901720727e+01
-4.729789590352155670e+01
-4.860474755829681470e+01
-4.945441619462213367e+01
-5.119393887860779557e+01
-6.008124933150270408e+01
-6.178553844855854038e+01
-5.402636598042673199e+01
-5.334257382605618858e+01
-5.620004541075847726e+01
-5.864504214806820670e+01
-6.229231189544883307e+01
-6.347018374540145658e+01
-6.589903597908538302e+01
-6.440419855999887488e+01
-6.514512161505037113e+01
-6.747486914312504780e+01
-6.825507957478788512e+01
-6.698683907429048645e+01
-6.648564645605841861e+01
-5.124520066970674748e+01
-5.453811043101111977e+01
-5.804449203684990977e+01
-6.148052357518042754e+01
-6.333034857258046912e+01
-6.313645075028064468e+01
-6.473352246531463550e+01
-6.648331096796759709e+01
-6.134203939203225531e+01
-5.973804016004883977e+01
-4.758292718464766580e+01
-5.100467297869573713e+01
-5.021449869410835731e+01
-4.909648249900664752e+01
-5.032175097118341256e+01
-5.147088943747463219e+01
-5.203341100496607652e+01
-5.407789165757652938e+01
-6.051476030415003748e+01
-5.592731248365738139e+01
-5.826091491435723668e+01
-6.198770261154185590e+01
-6.308146119556943887e+01
-6.405776234500694954e+01
-6.470252378501473345e+01
-6.585671884269481779e+01
-6.534536231676815987e+01
-6.781553809662426602e+01
-6.715036559955498774e+01
-6.641616592913517536e+01
-6.546490920522353463e+01
-5.407682195720971663e+01
-5.677976147080524072e+01
-5.955645534139417663e+01
-6.049645471930369922e+01
-6.298694309312180195e+01
-6.275090483994002710e+01
-6.454239157054294651e+01
-6.431332537419508810e+01
-6.620813536427550616e+01
-6.176157235569059623e+01
-5.136258618848599866e+01
-5.369708909429461130e+01
-5.253130877070312721e+01
-5.350308720150314201e+01
-5.455936971039802330e+01
-5.651524197815743378e+01
-6.035763499143259736e+01
-5.848047794985514969e+01
-6.195451327491705484e+01
-6.315261728279011777e+01
-6.392762551555576778e+01
-6.466292559161794884e+01
-6.523718701671516840e+01
-6.606834803837944037e+01
-6.696221103675082986e+01
-6.592196668055449038e+01
-5.643858198267196968e+01
-5.853915137343986430e+01
-6.199863893057388253e+01
-6.056840687426461756e+01
-6.157712829534609256e+01
-6.319597873134099331e+01
-6.411583965150228437e+01
-6.608588081237000722e+01
-6.309047776331277646e+01
-5.466453430871185759e+01
-5.710528335224212526e+01
-5.567875308257129063e+01
-5.639230543230495130e+01
-5.757270012223844446e+01
-5.927801537529975207e+01
-6.069386260902651031e+01
-6.224542400347173299e+01
-6.340762453060920478e+01
-6.462082547633400509e+01
-6.409769460805662789e+01
-6.516672279265286249e+01
-6.572408043782128573e+01
-6.666526164948675159e+01
-5.931336679667116130e+01
-6.124947260314075237e+01
-6.306733308250984038e+01
-6.224324114163226085e+01
-6.297570337899011861e+01
-6.432268668375593279e+01
-6.559293616889267753e+01
-6.409660457615751739e+01
-5.775289859900070155e+01
-5.963001602749613994e+01
-5.903708557194296702e+01
-5.853739519200338037e+01
-6.021870548005476564e+01
-6.137678805661522574e+01
-6.103387761047849835e+01
-6.271570409621113384e+01
-6.377340084225143357e+01
-6.431749936639724297e+01
-6.504368158251212151e+01
-6.474385567518194762e+01
-6.558742643125087568e+01
-6.651030662794251214e+01
-6.130383083455292592e+01
-6.273755878096176986e+01
-6.404023427448242956e+01
-6.344962075075265062e+01
-6.400205486996013349e+01
-6.548301385108973705e+01
-6.492335757212262592e+01
-6.016314147092153775e+01
-6.155166975794077189e+01
-6.082744798913859086e+01
-6.214994287243692384e+01
-6.236984158994384586e+01
-6.339679088502590787e+01
-6.430744680074904807e+01
-6.465580302523281375e+01
-6.508878252510230311e+01
-6.547012296868329884e+01
-6.630339774885028703e+01
-6.273276277412564639e+01
-6.367209166267312526e+01
-6.411683278032448641e+01
-6.500759420859510840e+01
-6.461672346022670865e+01
-6.639872152954605156e+01
-6.208210673537673330e+01
-6.304425884092082555e+01
-6.295530177167574237e+01
-6.335883463526205617e+01
-6.370748776750406961e+01
-6.432115879998781338e+01
-6.499287422203774156e+01
-6.536315673240991941e+01
-6.609007553448071803e+01
-6.402022316968300686e+01
-6.463263861259618182e+01
-6.520327750938841405e+01
-6.545905827471842997e+01
-6.578167538305189055e+01
-6.363223536205594399e+01
-6.427875769106377390e+01
-6.409260584604594158e+01
-6.443514421031298411e+01
-6.459563942597412733e+01
-6.511463670440778628e+01
-6.603100319085081082e+01
-6.503439985263248957e+01
-6.586231747508017520e+01
-6.649801415732748922e+01
-6.509361199004915477e+01
-6.476581823088208978e+01
-6.484272739358196702e+01
-6.518521689660393292e+01
-6.532162528683309688e+01
-6.609167343998868205e+01
-6.581179490752987249e+01
-6.694318184815773520e+01
-6.559170342017664268e+01
-6.548875868469556849e+01
-6.624740723748409721e+01
-6.673281897492768167e+01
-6.646269918196671256e+01
